bougue_gs.grd
DSAA
         561         521
    -2800.000000     2800.000000
    -2600.000000     2600.000000
     -210.649994      436.619995
[rows 297 to 329 of 521, columns 222 to 295 of 561]
27.73 34.14 31.34 24.56 24.22 25.67 25.06 26.59 30.17 31.51 33.01 35.36 39.08 38.47 32.14 27.62 22.59 15.81 13.74 13.13 14.25 9.26 9.28 8.94 4.09 3.77 5.54 13.94 25.11 31.54 35.04 34.53 33.48 32.29 31.29 34.70 37.90 41.23 45.21 49.56 58.95 72.03 76.88 68.77 53.66 49.13 52.39 61.18 74.01 78.47 64.35 56.19 61.05 68.16 70.17 71.51 75.35 74.01 71.17 57.99 51.00 51.48 55.60 59.83 58.10 54.79 52.51 53.82 55.78 61.01 60.13 56.91 51.75 45.11
27.67 31.05 30.91 21.96 20.49 24.33 26.16 27.04 31.33 31.65 32.26 31.49 35.39 32.09 29.91 26.01 21.76 16.95 11.49 10.79 10.36 11.95 12.45 6.90 4.28 4.56 7.50 15.79 23.90 25.84 26.11 27.80 31.03 36.16 40.23 44.53 46.57 50.73 54.88 64.31 74.30 84.07 80.00 56.22 43.17 47.54 55.36 69.51 81.82 76.39 59.42 55.20 58.99 69.21 73.85 74.87 76.13 81.78 81.37 63.42 56.87 55.48 57.79 56.69 53.98 54.27 56.30 50.75 53.91 61.48 62.01 57.40 51.13 46.06
27.04 29.18 29.49 23.19 19.72 20.41 22.81 26.43 33.24 32.21 31.11 21.21 25.21 27.86 26.51 25.60 22.76 17.89 11.14 12.24 12.20 12.93 13.74 11.74 9.18 7.35 14.96 21.43 23.17 22.72 26.05 34.30 42.59 47.11 50.14 53.33 55.52 58.05 63.37 77.87 90.10 98.06 79.32 43.30 41.09 51.24 61.21 80.37 92.50 74.95 54.26 55.66 56.53 67.45 75.43 78.30 82.02 94.30 84.09 71.29 71.63 66.30 61.31 52.91 51.00 46.87 59.46 53.22 47.50 55.16 59.42 57.81 55.28 46.76
30.47 28.93 31.20 27.75 20.87 17.75 21.06 28.23 34.14 32.11 24.35 9.25 8.40 19.45 24.19 25.69 22.74 20.19 17.61 12.15 10.73 13.05 20.72 21.59 15.30 11.24 20.52 28.21 27.05 29.98 38.22 45.95 51.50 50.10 52.03 57.48 62.19 63.66 65.63 76.55 83.74 84.05 64.54 37.47 41.22 54.09 73.63 92.28 87.89 65.62 57.28 64.14 67.05 71.60 71.40 73.47 76.57 80.10 67.97 66.80 73.59 72.85 59.13 49.78 52.57 44.46 57.33 57.03 52.43 53.70 57.80 58.77 59.86 48.09
25.26 26.81 28.29 28.46 22.79 18.80 21.32 28.43 34.34 30.97 16.75 8.40 6.42 13.99 23.60 21.94 21.69 22.43 20.02 14.61 8.95 10.69 18.98 18.66 16.15 14.25 20.25 28.67 33.04 38.82 49.71 51.55 48.26 46.94 50.93 57.85 60.32 63.04 63.16 65.28 69.66 68.86 58.67 44.98 46.71 56.84 72.68 87.01 77.31 63.13 70.26 73.41 69.80 66.16 68.96 71.74 67.96 61.55 57.11 61.14 64.91 62.04 51.81 50.56 52.44 52.35 51.60 52.52 56.58 50.21 58.18 61.40 61.30 50.76
24.90 26.34 24.56 26.63 20.98 16.68 20.85 27.91 29.66 29.77 16.23 2.97 4.08 17.66 21.63 15.31 19.30 21.02 12.33 8.95 7.68 8.01 13.95 18.68 18.83 14.13 19.19 31.10 40.56 46.31 50.60 45.94 39.59 45.62 51.14 56.01 57.22 60.09 59.85 59.03 72.77 79.84 68.48 49.73 40.67 42.90 54.66 71.24 71.85 69.69 72.35 68.67 65.18 59.12 65.81 67.35 63.11 57.75 51.31 51.13 56.05 52.11 47.48 49.01 50.74 54.88 48.95 49.30 51.70 49.26 57.05 60.36 62.07 52.70
26.86 26.74 25.19 26.15 24.81 18.93 19.42 25.69 29.03 26.89 13.04 -1.72 4.52 18.28 17.24 12.88 14.08 11.50 3.08 4.37 8.94 14.68 22.22 27.24 26.31 20.11 21.59 36.69 48.50 52.65 51.32 52.74 46.03 45.08 49.79 54.88 56.33 53.64 48.34 45.63 56.81 63.20 55.41 36.94 30.28 39.43 50.92 60.64 66.68 73.87 74.34 70.98 61.98 56.25 66.78 71.01 64.17 59.92 51.85 40.84 51.22 64.25 53.80 41.77 50.75 53.60 48.14 46.62 48.35 50.94 50.37 57.22 63.84 53.61
26.71 24.96 24.43 26.41 27.57 21.02 21.62 27.03 27.89 28.26 11.74 -1.47 7.21 14.60 15.98 15.52 9.10 0.97 -2.25 3.82 18.27 34.15 36.99 34.20 33.56 32.67 32.34 43.69 51.90 50.49 49.09 58.09 55.25 49.51 52.93 55.90 51.79 41.57 35.40 34.48 39.18 37.80 39.93 40.41 36.39 49.74 58.82 66.63 78.28 81.37 80.50 75.49 59.49 65.52 71.79 69.11 63.21 56.01 52.74 48.54 56.81 68.59 62.04 49.34 49.56 49.55 46.20 44.74 48.36 45.43 46.52 52.57 56.81 54.48
27.50 24.38 25.23 27.86 27.52 24.33 26.44 28.69 34.42 25.82 8.38 0.93 11.49 15.78 18.32 16.65 8.40 -0.26 1.33 11.06 32.97 47.29 40.74 35.93 39.77 44.80 46.19 52.86 51.80 45.16 44.10 54.78 55.10 50.93 48.83 45.53 39.70 33.40 30.14 34.98 41.83 39.22 52.72 67.17 37.67 40.39 61.76 71.33 76.00 80.42 75.91 62.77 55.72 75.09 65.39 54.14 57.99 50.28 53.87 61.16 59.55 55.35 52.95 59.08 52.58 47.85 45.95 50.75 46.38 38.13 51.75 56.04 51.79 57.56
28.20 26.57 27.35 31.66 32.15 32.36 31.93 30.71 35.20 24.21 13.24 10.73 15.92 19.83 21.82 16.54 8.02 5.33 6.96 18.36 41.00 48.29 39.76 31.23 33.33 42.28 49.70 57.07 52.11 43.76 39.71 45.76 47.91 42.34 37.12 33.84 30.45 32.86 42.90 59.01 60.30 47.17 48.95 51.69 30.75 44.07 60.70 59.62 61.85 79.00 69.23 51.13 51.39 69.82 60.66 50.43 52.05 49.86 55.17 62.53 57.38 49.61 34.17 55.49 58.17 51.39 49.08 53.66 44.04 40.63 47.23 52.14 57.12 60.02
27.79 28.48 29.96 33.75 35.29 37.42 36.66 39.05 33.98 23.94 18.93 15.12 16.79 23.11 24.09 14.48 4.54 7.60 16.03 31.39 46.17 43.46 37.95 28.91 20.70 20.84 36.09 53.20 51.74 43.22 37.89 36.58 39.15 36.54 26.92 25.15 33.44 44.55 60.30 68.54 55.62 34.91 26.57 22.83 40.05 60.66 61.90 55.62 58.05 72.74 65.73 58.07 60.54 64.90 52.61 47.45 51.38 59.47 50.69 58.70 54.06 53.06 32.60 50.00 57.12 53.61 50.50 51.51 48.95 50.05 48.03 54.75 63.47 58.12
29.29 30.18 31.99 34.24 35.60 38.65 33.36 31.93 29.35 26.82 26.95 20.03 19.34 25.01 21.29 9.52 4.03 8.62 26.29 45.93 48.22 42.43 41.01 33.37 16.68 4.68 20.18 42.96 46.32 40.46 39.03 36.70 37.21 33.24 25.30 26.36 37.33 50.43 57.27 51.04 35.13 21.94 27.71 37.80 57.40 58.64 49.61 40.28 47.17 57.02 63.64 66.54 68.31 63.02 46.27 48.01 43.92 57.25 48.55 55.93 48.21 57.21 44.30 53.10 58.84 49.05 49.54 53.51 50.99 51.01 53.79 59.21 61.62 64.07
30.12 33.15 33.50 33.95 33.97 36.17 29.91 26.51 27.32 32.21 33.37 23.36 22.74 27.38 20.55 7.53 5.40 17.09 43.52 57.55 52.72 47.54 50.40 41.28 21.90 4.75 12.29 33.66 40.86 39.42 36.25 29.75 25.23 23.14 26.27 31.16 36.98 49.61 55.41 49.37 33.10 32.13 53.58 65.58 58.59 42.19 34.61 22.19 30.85 43.81 61.94 68.04 70.66 64.58 49.91 57.61 39.50 45.80 44.35 48.95 44.30 49.83 44.43 59.30 66.13 48.96 48.22 50.47 49.30 53.01 59.07 65.31 67.98 72.34
34.94 37.60 37.05 35.53 35.33 33.27 27.29 20.93 26.69 37.75 35.26 23.67 24.03 27.33 18.39 6.89 5.90 24.75 58.52 64.05 56.44 49.19 54.71 36.94 22.40 13.76 13.72 25.46 34.21 39.96 33.86 24.69 18.01 25.82 40.43 47.51 50.54 53.38 50.73 43.50 34.82 46.89 58.20 57.23 41.19 30.37 33.47 27.66 30.82 38.78 54.85 65.12 73.73 61.36 49.83 67.76 50.53 44.18 47.53 54.04 42.73 36.14 40.70 56.79 65.53 58.53 50.17 47.67 55.15 57.02 67.56 76.27 73.84 76.66
36.37 38.92 41.31 39.53 38.24 35.64 28.97 24.74 30.89 40.38 35.50 24.05 23.04 25.97 19.55 10.65 10.02 34.34 70.08 68.16 55.73 46.75 47.53 38.04 26.48 16.08 15.59 21.98 30.69 41.78 38.13 33.67 28.26 31.50 44.34 51.51 45.28 35.03 27.52 29.15 41.72 51.72 49.00 45.10 30.38 27.87 30.44 30.33 36.21 42.29 50.06 60.97 75.63 59.66 48.76 70.92 62.53 46.66 51.32 63.98 46.52 33.10 42.64 60.11 66.51 63.34 58.01 52.39 58.19 59.86 74.57 76.92 76.58 80.32
35.83 38.90 42.34 42.53 41.76 35.92 28.10 24.38 31.40 41.36 35.24 23.23 22.14 25.12 22.79 18.55 21.12 50.76 77.77 68.15 52.73 43.63 38.13 30.76 23.48 15.79 14.83 21.82 27.88 38.17 44.74 44.08 37.09 34.85 39.99 44.06 30.02 15.10 17.33 36.85 57.04 53.42 43.23 48.13 38.15 30.24 23.09 23.67 28.41 40.31 47.67 53.73 66.26 53.47 45.83 69.64 76.08 51.85 49.25 66.18 51.76 33.14 45.25 62.37 62.16 59.93 61.94 57.61 56.83 57.25 71.15 69.74 72.78 71.46
37.39 40.05 46.09 46.29 41.51 33.10 24.84 25.13 36.21 43.01 33.80 22.21 21.21 24.72 26.83 27.66 38.18 66.86 79.31 64.88 47.89 40.99 35.43 27.06 15.60 12.41 13.75 19.13 25.49 32.26 44.05 49.57 42.07 40.96 45.40 40.13 22.12 14.65 26.37 46.03 53.42 47.67 36.87 41.49 42.35 33.32 18.69 21.75 26.76 38.13 42.95 46.25 47.45 40.26 45.16 61.32 74.72 59.53 56.16 56.77 44.21 36.01 54.02 62.21 59.25 65.45 63.47 58.29 59.80 57.70 62.43 63.56 63.93 65.32
39.81 42.53 47.84 46.59 38.94 26.45 22.69 29.96 46.85 50.56 34.72 21.97 18.89 19.23 24.31 32.25 53.23 76.92 76.55 59.78 45.12 41.43 34.86 24.80 16.32 10.83 10.88 16.41 24.17 26.83 35.13 48.75 50.24 49.08 46.29 34.25 22.69 26.37 38.14 43.67 40.25 31.65 32.26 36.83 39.21 38.69 23.64 18.36 27.98 42.47 42.61 42.51 40.61 45.64 47.38 48.92 60.09 61.39 61.71 45.06 39.07 39.49 49.14 57.60 57.69 63.42 64.33 59.59 58.10 60.70 60.12 63.62 61.43 65.70
43.35 43.62 47.78 46.56 36.75 21.52 18.02 32.43 56.38 59.58 37.19 21.87 15.84 12.02 18.73 30.03 55.84 81.24 75.17 54.32 43.75 42.55 35.13 25.28 14.33 9.15 10.15 16.24 22.61 24.03 29.11 41.71 51.21 51.70 39.39 26.73 27.75 35.99 43.05 38.14 30.75 22.88 25.34 34.87 38.67 35.43 25.35 18.42 22.29 35.13 39.32 45.96 46.20 54.45 45.68 44.03 48.81 61.22 63.42 45.28 42.82 43.51 47.89 57.14 60.54 64.17 59.70 61.27 59.36 58.43 58.29 65.05 65.51 66.24
48.85 47.06 48.36 47.67 33.36 18.29 15.93 36.72 63.94 62.99 40.24 26.49 16.09 11.02 14.76 28.90 59.41 80.06 72.49 53.84 41.43 39.00 34.04 27.82 18.96 13.92 11.12 13.72 22.92 28.02 31.37 38.10 48.92 38.28 22.49 20.70 31.16 43.27 44.81 35.89 31.51 27.47 24.83 33.76 40.88 31.94 24.35 24.81 30.69 35.36 40.56 49.96 44.19 50.25 47.46 47.18 48.28 63.34 58.97 50.05 52.05 50.00 51.34 57.03 60.19 68.44 60.92 61.13 64.48 60.06 56.40 64.20 66.38 63.17
57.60 55.73 54.76 48.92 35.78 21.90 18.92 42.50 64.11 55.78 38.68 30.84 17.53 9.78 12.59 28.25 62.02 79.73 69.57 51.54 39.46 36.72 36.07 31.38 25.98 21.07 15.93 15.59 24.90 32.36 35.15 38.21 42.85 27.83 15.34 21.29 29.58 41.36 43.14 39.02 38.43 37.73 34.13 38.79 38.57 31.38 29.02 28.17 37.16 37.82 35.63 43.69 40.99 41.73 46.90 49.49 52.61 62.40 58.94 59.34 62.49 58.37 51.65 57.78 61.16 65.05 65.87 61.11 63.82 62.38 59.98 61.22 58.65 63.84
65.08 61.00 55.33 47.02 35.46 24.85 34.13 55.06 58.42 48.48 40.45 33.13 19.23 12.57 16.74 36.64 66.47 75.72 65.69 51.57 40.22 34.60 34.41 34.48 30.76 27.47 23.29 22.52 30.45 38.19 38.68 42.12 39.91 29.75 21.07 26.87 30.43 35.84 36.22 35.42 35.81 37.88 39.82 49.07 41.85 32.32 37.29 37.90 36.54 35.54 33.34 36.56 37.75 34.03 43.61 45.93 49.61 60.50 64.79 67.39 69.28 64.03 55.20 58.27 63.70 62.21 63.25 61.76 66.71 64.64 66.71 65.31 62.96 73.16
69.72 69.79 59.24 44.75 34.46 35.94 57.26 64.59 49.09 41.02 43.50 36.26 23.30 19.43 26.81 49.91 73.69 72.72 61.70 48.68 39.02 34.72 34.64 36.21 34.21 31.88 26.54 26.23 34.68 40.16 38.23 42.46 41.72 37.24 32.52 33.95 32.30 30.59 28.25 28.38 29.65 29.34 33.48 41.41 36.99 33.26 39.15 41.00 37.05 35.15 36.32 37.15 37.62 36.45 45.90 43.92 46.10 58.61 66.02 73.03 70.36 59.61 58.91 60.22 62.76 64.28 62.72 62.67 68.69 68.44 68.38 69.56 78.41 81.44
73.50 72.10 59.74 43.11 35.47 45.66 66.16 61.68 42.95 36.92 39.70 37.65 29.31 27.45 39.47 65.07 78.49 72.96 60.64 50.49 42.06 37.50 38.50 37.81 37.58 35.23 29.81 31.04 35.31 35.08 36.92 42.29 42.65 40.16 38.23 38.28 37.90 34.94 32.28 32.42 31.71 29.02 27.54 25.88 26.17 30.54 35.41 34.56 39.17 37.64 36.15 39.50 40.95 42.55 47.31 45.56 45.48 55.81 65.64 72.45 61.51 54.89 60.99 64.77 60.49 64.12 65.07 64.99 67.80 70.58 74.43 77.14 87.26 88.94
80.65 74.41 60.29 44.68 40.55 51.60 66.00 56.26 41.92 37.72 36.59 36.85 34.31 35.70 50.21 72.78 79.21 71.21 59.01 52.49 46.12 40.48 40.94 41.23 41.57 39.63 38.99 38.79 39.06 37.45 38.56 38.87 38.40 36.64 36.20 35.25 37.56 37.40 37.97 37.48 35.58 35.73 32.10 30.77 28.29 25.39 34.03 36.96 42.00 39.90 37.69 37.68 37.52 43.61 47.96 43.98 38.75 51.87 64.55 66.37 59.10 60.03 63.59 67.62 61.48 69.46 72.44 68.72 70.65 73.38 79.04 83.71 89.65 98.30
81.92 76.81 64.57 48.81 45.98 54.15 61.57 52.57 41.30 37.60 37.22 39.26 38.58 44.42 57.39 68.75 70.57 64.14 57.16 51.63 44.90 40.77 40.98 40.83 43.17 44.45 44.92 45.71 44.29 43.87 44.52 37.64 33.58 32.24 35.08 36.82 38.32 39.17 39.66 38.75 39.12 40.38 36.98 35.13 37.94 29.39 29.22 37.87 42.52 40.29 32.09 33.94 36.08 43.55 44.38 38.32 38.48 50.62 61.28 62.14 65.89 68.82 70.32 70.78 70.11 76.24 78.35 75.40 76.72 80.25 82.66 89.10 91.16 101.37
69.86 77.25 72.22 57.52 54.89 59.60 59.46 48.52 40.89 37.48 40.09 43.07 44.79 52.74 59.51 59.23 57.42 54.19 51.20 43.87 39.23 37.49 38.20 39.58 42.32 46.41 49.10 51.25 44.49 39.43 42.96 38.52 33.85 34.41 36.50 39.89 43.03 43.83 42.29 42.11 42.39 40.27 40.69 41.30 45.16 34.37 30.21 34.49 37.51 42.00 28.89 41.41 44.94 43.59 38.53 36.85 43.54 53.16 66.78 70.06 71.63 72.05 76.92 68.75 73.46 77.84 81.75 83.33 82.41 83.74 87.47 95.54 97.50 109.29
53.47 69.83 75.25 70.53 68.28 66.17 58.14 46.87 41.15 37.97 43.14 47.85 47.88 52.15 55.26 51.93 49.41 49.26 48.00 39.76 36.34 34.67 32.24 36.55 39.12 39.06 43.83 47.78 40.94 37.10 39.89 40.08 39.20 43.59 45.44 45.94 48.02 47.27 46.13 45.08 43.50 41.68 43.45 48.10 44.07 30.22 31.42 30.62 32.19 39.78 36.30 47.74 43.05 39.89 38.04 40.83 42.10 54.28 70.10 70.16 65.66 68.24 76.82 69.94 78.72 82.34 87.31 84.71 85.10 87.73 93.83 99.54 105.67 115.33
44.06 57.28 68.39 76.25 76.67 69.49 58.94 48.09 40.17 37.10 44.17 50.43 48.40 45.64 45.00 43.12 45.82 47.21 47.91 44.75 38.74 35.30 31.94 34.87 37.23 36.23 37.31 42.02 38.92 37.20 37.49 39.38 44.01 50.79 51.36 49.96 51.54 50.39 49.21 44.62 43.97 44.75 44.14 45.55 35.96 27.38 28.50 25.79 33.29 39.08 47.88 49.01 38.12 38.93 41.87 45.59 46.56 56.91 66.05 64.06 63.25 72.45 75.73 75.81 86.73 85.81 90.47 86.67 84.83 84.45 93.60 102.20 114.00 119.27
38.88 46.26 54.36 65.50 73.48 71.02 63.60 52.72 40.87 35.07 42.52 49.46 50.80 45.07 41.06 41.83 48.25 49.38 49.76 50.43 44.06 39.37 35.11 33.79 34.20 34.90 35.01 40.25 41.79 41.20 40.50 40.32 47.42 54.24 54.22 52.99 52.95 52.87 52.20 45.43 46.31 45.40 47.23 43.58 29.70 23.18 19.12 17.59 33.50 46.03 49.11 40.71 35.46 34.71 44.88 52.74 53.05 59.22 69.85 72.82 77.67 84.77 86.36 88.62 93.56 99.78 95.71 85.54 84.90 85.11 91.68 106.26 120.52 123.32
36.20 40.23 45.74 50.94 56.68 63.01 60.11 53.37 45.57 40.95 45.70 49.12 51.66 47.75 43.48 44.53 51.38 53.73 52.68 52.17 47.56 40.13 35.44 33.34 30.87 29.83 30.39 35.89 40.21 42.12 46.56 46.29 48.06 50.91 52.73 54.04 54.95 54.87 53.26 48.56 49.02 46.71 46.25 40.71 33.09 21.84 11.89 19.80 33.45 41.79 44.51 36.23 37.92 36.95 47.80 57.89 57.12 66.41 76.37 79.25 92.77 98.35 102.50 103.59 101.24 112.62 104.57 96.03 98.81 98.10 95.18 106.86 122.53 130.91
39.01 41.73 45.32 46.43 45.69 51.77 50.56 49.99 46.07 42.46 46.91 49.57 48.97 48.12 45.62 46.20 49.75 52.48 52.89 50.48 48.78 44.22 40.02 36.58 32.80 28.71 29.59 33.11 38.54 44.82 48.14 49.16 47.78 49.05 52.55 55.51 56.05 54.69 50.82 50.85 52.44 47.22 38.34 35.58 32.08 21.68 22.64 29.04 33.36 33.48 37.67 36.70 38.93 43.39 54.96 58.39 61.04 75.96 82.69 92.90 110.78 116.87 120.28 118.18 115.16 120.78 113.26 110.33 112.22 113.79 114.89 117.59 135.23 145.04
42.34 44.91 45.48 46.10 45.16 47.64 43.63 43.49 41.54 43.40 45.40 48.21 45.93 45.34 45.71 47.84 46.47 46.50 47.27 45.21 46.40 45.69 43.22 40.84 39.87 38.03 36.83 37.51 38.96 42.27 44.21 48.48 51.21 52.10 53.34 55.76 55.35 56.82 52.94 53.59 54.31 45.47 33.36 32.02 30.40 25.48 28.02 23.45 25.31 29.31 29.43 37.50 41.39 46.48 61.35 60.51 70.42 89.57 95.59 108.78 127.06 134.13 140.38 135.89 128.62 120.05 116.35 121.12 115.38 122.64 129.63 132.61 148.23 157.27
