bougue_gs.grd
DSAA
         561         521
    -2800.000000     2800.000000
    -2600.000000     2600.000000
     -210.649994      436.619995
[rows 231 to 263 of 521, columns 0 to 73 of 561]
-109.02 -109.85 -116.02 -114.84 -115.84 -110.73 -112.10 -103.35 -99.97 -99.12 -96.04 -92.86 -93.51 -88.05 -85.47 -77.48 -73.63 -71.33 -70.10 -70.09 -69.72 -74.17 -70.90 -71.84 -72.46 -69.16 -69.79 -75.39 -79.82 -85.92 -82.38 -84.06 -86.84 -87.73 -85.68 -87.10 -90.21 -89.77 -92.45 -84.87 -85.71 -91.11 -100.15 -94.99 -101.44 -94.93 -98.76 -91.57 -91.10 -97.15 -102.39 -96.30 -86.55 -84.95 -84.61 -78.40 -71.70 -68.24 -60.24 -55.34 -53.08 -51.62 -46.14 -39.12 -24.04 -11.33 -8.60 -2.46 0.38 -1.53 -1.32 -1.09 1.18 -0.84
-111.04 -108.32 -109.79 -116.20 -114.50 -116.66 -105.48 -104.61 -100.85 -97.38 -97.83 -93.46 -87.98 -78.77 -75.24 -74.08 -75.02 -72.46 -71.67 -74.24 -72.10 -69.42 -73.49 -69.87 -65.98 -66.83 -68.29 -67.61 -71.81 -72.02 -77.73 -80.50 -86.40 -83.83 -84.38 -79.99 -80.31 -87.46 -91.32 -94.68 -92.07 -86.74 -86.21 -76.19 -79.82 -86.86 -89.66 -85.16 -86.94 -82.15 -91.07 -85.80 -84.87 -78.85 -75.88 -72.45 -71.76 -67.52 -60.74 -55.38 -55.44 -53.45 -49.34 -42.01 -29.50 -17.58 -12.68 -7.19 -4.07 -7.47 -7.71 -5.74 -6.18 -7.13
-109.29 -109.91 -112.47 -113.49 -115.42 -106.53 -106.86 -101.93 -97.13 -97.00 -91.77 -91.21 -83.18 -78.87 -72.16 -71.72 -72.65 -68.67 -71.65 -70.22 -74.15 -70.11 -65.23 -63.58 -64.02 -65.43 -63.11 -67.23 -65.13 -67.08 -70.83 -78.07 -83.92 -83.87 -85.23 -81.13 -87.31 -89.52 -85.53 -81.98 -80.70 -86.85 -81.75 -77.19 -76.53 -82.06 -85.51 -87.99 -84.17 -84.90 -89.73 -86.58 -85.18 -81.88 -81.59 -80.25 -76.38 -73.39 -69.18 -64.64 -59.27 -56.44 -52.17 -48.24 -42.31 -27.35 -18.43 -15.38 -18.54 -20.41 -18.11 -15.59 -13.54 -16.81
-109.22 -110.31 -110.84 -110.97 -111.21 -108.80 -103.81 -95.95 -93.71 -91.77 -90.26 -89.70 -83.23 -76.19 -71.76 -74.69 -75.28 -74.81 -66.17 -69.06 -69.39 -69.89 -66.07 -63.26 -66.36 -63.10 -62.44 -60.84 -62.03 -62.26 -66.71 -77.76 -83.92 -89.70 -85.42 -84.85 -91.65 -93.50 -84.37 -86.08 -86.45 -83.30 -77.86 -75.28 -74.38 -77.93 -80.01 -79.65 -79.15 -81.49 -83.38 -82.53 -82.10 -83.32 -80.19 -79.30 -78.19 -75.73 -71.58 -66.95 -63.82 -63.17 -64.03 -57.97 -51.09 -38.79 -33.34 -40.16 -50.10 -49.92 -45.90 -42.52 -39.03 -38.05
-111.61 -109.16 -109.58 -113.19 -111.55 -105.61 -102.18 -97.86 -93.09 -90.82 -89.69 -86.63 -84.34 -75.18 -71.46 -71.98 -74.60 -69.96 -66.96 -65.50 -65.24 -65.05 -64.22 -62.08 -66.14 -67.24 -66.23 -63.40 -63.54 -64.70 -70.47 -74.32 -78.43 -81.50 -83.19 -84.79 -81.06 -82.12 -78.38 -76.96 -78.10 -82.93 -80.34 -73.70 -74.40 -73.34 -72.89 -71.50 -70.32 -71.33 -74.46 -76.99 -80.37 -80.98 -80.80 -81.64 -80.20 -78.22 -75.11 -71.42 -68.70 -68.10 -66.35 -67.53 -64.24 -56.35 -56.91 -69.18 -77.71 -79.31 -78.98 -77.99 -71.43 -68.45
-106.91 -109.74 -113.71 -109.46 -109.17 -101.18 -98.99 -94.21 -89.64 -85.34 -85.61 -90.99 -84.88 -78.00 -74.44 -72.87 -77.33 -73.88 -63.87 -61.48 -65.60 -62.63 -61.85 -64.24 -66.88 -66.29 -64.74 -64.07 -67.40 -68.31 -67.48 -69.08 -71.59 -70.89 -77.50 -82.71 -79.16 -80.24 -76.02 -66.49 -74.18 -86.41 -80.92 -79.34 -77.12 -69.10 -68.79 -71.22 -71.66 -70.11 -71.36 -71.65 -74.81 -79.29 -81.95 -82.61 -81.33 -76.65 -74.98 -73.20 -72.65 -69.65 -72.76 -78.69 -76.90 -72.16 -73.95 -83.26 -87.51 -87.35 -86.94 -85.42 -79.77 -80.77
-106.06 -106.35 -109.31 -110.12 -105.04 -102.16 -95.50 -95.58 -85.04 -80.42 -83.69 -85.63 -85.28 -79.09 -72.95 -72.38 -76.07 -75.69 -69.39 -67.11 -63.38 -62.09 -61.16 -62.11 -64.39 -65.65 -61.92 -63.33 -66.67 -69.66 -67.73 -66.41 -60.20 -57.89 -66.57 -73.01 -79.12 -77.16 -69.57 -71.58 -69.41 -76.54 -75.44 -76.96 -77.11 -73.76 -68.10 -67.91 -65.41 -66.86 -65.81 -70.25 -73.65 -76.49 -77.34 -79.02 -75.69 -73.92 -73.26 -72.23 -72.24 -72.92 -69.29 -73.13 -80.12 -76.29 -80.20 -87.80 -89.73 -93.01 -91.94 -88.28 -84.24 -79.61
-102.03 -101.23 -104.07 -104.02 -100.02 -93.10 -93.64 -89.70 -82.60 -75.85 -76.90 -87.39 -86.34 -73.88 -70.84 -69.62 -75.94 -74.69 -69.78 -64.16 -63.33 -61.75 -62.03 -62.38 -64.15 -60.16 -54.16 -56.77 -62.53 -66.87 -65.95 -60.80 -49.30 -45.97 -64.45 -71.81 -74.60 -73.73 -68.28 -68.63 -78.43 -70.31 -72.85 -72.48 -71.69 -73.96 -67.54 -65.04 -66.63 -68.40 -65.23 -66.37 -71.65 -70.45 -70.35 -72.15 -72.80 -72.36 -71.77 -72.03 -73.72 -72.35 -69.73 -66.20 -72.25 -78.85 -76.75 -85.96 -91.87 -93.71 -95.49 -93.27 -86.78 -78.09
-99.02 -98.85 -99.74 -97.10 -94.17 -93.56 -94.98 -90.86 -80.44 -71.40 -73.23 -78.10 -80.07 -74.31 -67.68 -70.60 -74.61 -75.57 -69.92 -68.49 -63.99 -62.00 -63.55 -63.59 -63.52 -58.61 -51.96 -52.66 -57.65 -63.97 -61.81 -57.94 -51.33 -56.17 -68.95 -70.50 -73.66 -73.47 -70.23 -70.40 -72.09 -70.03 -74.12 -74.03 -72.17 -72.92 -69.63 -68.82 -66.66 -68.13 -67.03 -64.75 -64.85 -68.13 -66.22 -65.99 -68.04 -71.21 -73.56 -72.03 -74.20 -71.67 -69.41 -67.56 -66.78 -71.82 -72.46 -78.93 -84.17 -91.90 -92.10 -89.19 -84.92 -81.08
-96.87 -95.22 -95.71 -95.43 -90.21 -89.98 -90.12 -89.97 -80.80 -69.14 -69.24 -73.63 -78.44 -72.76 -65.54 -69.62 -72.66 -72.47 -68.36 -64.85 -66.23 -64.53 -65.70 -64.90 -65.05 -58.25 -50.21 -50.42 -55.73 -61.71 -60.69 -60.27 -59.17 -58.69 -62.78 -66.33 -64.82 -65.89 -59.72 -64.61 -68.50 -74.30 -74.85 -71.77 -72.41 -71.75 -70.89 -70.50 -68.92 -64.47 -62.87 -59.20 -58.31 -65.27 -68.17 -65.14 -65.79 -67.84 -70.66 -72.50 -73.52 -68.74 -66.43 -63.14 -61.41 -66.14 -72.44 -77.71 -80.06 -83.13 -82.90 -78.16 -74.09 -76.36
-94.01 -96.21 -93.52 -91.61 -89.34 -88.96 -90.96 -88.02 -78.89 -70.65 -68.13 -71.99 -72.48 -74.34 -69.03 -69.87 -71.45 -72.64 -70.83 -68.90 -66.68 -65.90 -65.14 -64.49 -63.06 -57.92 -53.21 -52.52 -55.27 -59.42 -61.54 -63.63 -62.66 -58.16 -62.80 -67.77 -68.86 -64.29 -58.55 -58.03 -63.54 -68.67 -71.76 -73.27 -72.08 -70.41 -67.65 -63.49 -65.44 -64.05 -63.73 -61.78 -59.04 -65.29 -67.88 -67.61 -63.44 -66.09 -66.96 -70.42 -71.37 -65.21 -64.04 -62.18 -59.12 -60.67 -64.69 -70.58 -74.21 -77.85 -79.23 -76.88 -77.36 -75.38
-94.61 -92.70 -92.91 -90.67 -85.62 -83.36 -82.85 -82.65 -79.12 -71.91 -71.35 -71.25 -75.65 -70.81 -72.00 -71.53 -76.61 -75.19 -71.76 -68.97 -65.33 -63.62 -61.93 -60.67 -58.34 -55.10 -52.08 -52.30 -50.36 -52.52 -58.54 -61.33 -60.03 -58.06 -62.76 -60.61 -61.23 -63.21 -61.49 -58.69 -56.52 -59.32 -62.59 -59.90 -62.79 -63.27 -61.59 -61.56 -61.69 -62.23 -65.02 -66.62 -66.12 -66.55 -67.29 -67.02 -66.83 -65.57 -66.57 -65.51 -65.40 -61.33 -59.07 -61.99 -56.47 -56.52 -57.56 -60.78 -67.95 -73.55 -77.93 -80.63 -81.81 -77.67
-90.11 -91.23 -91.89 -87.59 -84.72 -79.36 -78.54 -77.41 -74.56 -72.33 -70.33 -72.87 -73.66 -78.99 -73.19 -76.39 -75.92 -74.81 -73.74 -69.09 -66.06 -60.41 -59.18 -55.93 -53.64 -50.45 -51.98 -55.15 -50.43 -50.37 -55.24 -54.59 -53.18 -54.40 -57.85 -55.82 -57.17 -59.83 -65.12 -61.62 -53.24 -53.74 -57.24 -55.31 -59.12 -59.10 -60.21 -62.08 -62.31 -64.03 -67.62 -70.90 -71.77 -68.82 -67.17 -66.45 -67.55 -71.08 -65.32 -63.10 -59.51 -56.10 -59.13 -60.80 -54.73 -53.55 -51.95 -54.50 -69.98 -75.33 -78.24 -83.64 -82.94 -76.31
-89.99 -87.39 -91.30 -88.16 -83.43 -80.42 -73.52 -75.04 -72.34 -70.49 -67.47 -67.77 -72.71 -75.58 -79.08 -78.28 -75.30 -77.52 -73.40 -69.71 -63.35 -60.70 -59.52 -55.12 -50.26 -47.24 -52.22 -57.95 -58.16 -50.33 -55.12 -57.69 -56.00 -53.54 -52.50 -55.08 -56.95 -59.18 -63.25 -60.71 -57.99 -56.29 -54.49 -51.43 -50.10 -55.57 -57.64 -58.29 -57.36 -58.57 -65.42 -71.75 -73.63 -73.31 -68.54 -66.13 -63.02 -65.66 -70.10 -65.35 -56.89 -55.18 -58.48 -61.18 -53.83 -51.06 -52.52 -59.01 -66.14 -75.82 -77.14 -76.40 -75.48 -73.82
-90.03 -88.89 -89.90 -90.46 -85.11 -78.80 -74.83 -72.19 -71.15 -67.53 -64.61 -66.15 -73.83 -75.93 -82.56 -77.78 -76.81 -75.94 -72.16 -67.97 -62.68 -61.85 -62.16 -56.38 -51.68 -47.29 -48.21 -58.68 -59.27 -51.02 -60.66 -65.54 -58.94 -58.16 -50.77 -52.41 -59.27 -65.06 -65.40 -61.10 -60.49 -59.19 -58.40 -52.30 -51.31 -52.31 -53.91 -53.65 -52.43 -51.25 -56.78 -68.53 -74.93 -75.69 -70.14 -65.02 -63.01 -64.24 -64.87 -62.02 -60.92 -57.49 -62.04 -59.89 -56.00 -53.11 -48.10 -51.23 -58.71 -65.82 -70.96 -71.29 -70.18 -69.84
-92.06 -93.31 -89.77 -87.39 -86.88 -81.91 -77.48 -75.57 -73.00 -70.00 -65.13 -64.41 -71.14 -75.62 -78.08 -79.14 -76.43 -77.02 -70.06 -65.11 -64.73 -62.99 -64.80 -60.38 -58.10 -48.51 -48.72 -61.21 -63.06 -56.70 -59.94 -64.29 -63.19 -59.27 -53.81 -55.32 -59.29 -66.39 -62.75 -60.26 -60.25 -59.56 -57.08 -55.55 -53.38 -51.75 -52.52 -47.00 -47.65 -52.51 -55.51 -69.20 -76.06 -80.28 -78.24 -71.68 -65.61 -60.98 -62.44 -61.15 -58.82 -57.89 -54.65 -56.11 -51.72 -47.14 -47.52 -50.14 -54.08 -61.10 -67.11 -65.74 -67.58 -69.02
-95.75 -92.54 -90.02 -85.15 -81.41 -80.38 -75.72 -75.31 -75.60 -73.62 -70.37 -70.06 -71.62 -74.01 -74.88 -77.84 -73.76 -75.59 -71.83 -63.50 -63.00 -62.77 -63.11 -60.92 -59.87 -53.51 -54.47 -62.74 -65.05 -57.66 -56.94 -66.05 -66.11 -59.05 -60.53 -60.14 -61.05 -63.31 -59.03 -59.65 -58.71 -59.73 -54.31 -53.49 -53.75 -52.18 -50.36 -46.50 -48.56 -47.67 -48.92 -63.99 -67.15 -69.73 -74.14 -71.99 -68.62 -64.46 -60.75 -59.73 -59.49 -57.03 -50.61 -57.22 -57.91 -53.87 -46.07 -41.27 -53.05 -60.35 -62.76 -66.00 -66.23 -61.35
-92.28 -93.44 -87.71 -83.08 -79.98 -77.17 -77.10 -77.88 -79.02 -77.72 -75.53 -71.21 -71.14 -69.34 -70.95 -72.25 -72.39 -71.57 -64.42 -60.66 -59.70 -62.95 -66.52 -62.77 -59.37 -55.09 -58.65 -62.48 -63.76 -64.78 -61.46 -65.02 -62.44 -61.03 -58.02 -57.53 -58.44 -59.15 -59.53 -58.19 -60.61 -61.54 -57.92 -53.22 -51.16 -54.86 -50.29 -46.45 -46.81 -42.91 -47.46 -59.99 -63.67 -64.87 -66.83 -63.92 -66.47 -63.62 -58.37 -59.53 -60.46 -61.24 -57.97 -60.65 -56.71 -49.25 -42.02 -43.70 -52.50 -62.87 -62.20 -64.75 -61.83 -62.44
-91.76 -89.55 -88.72 -83.73 -77.63 -76.07 -74.45 -77.01 -79.37 -78.34 -79.03 -76.30 -71.29 -66.92 -65.99 -68.34 -66.87 -65.07 -62.82 -58.30 -59.74 -63.09 -65.46 -57.54 -57.09 -56.79 -59.02 -57.83 -63.72 -67.94 -68.65 -70.99 -67.17 -60.51 -59.35 -57.72 -58.56 -61.55 -60.16 -57.15 -56.11 -60.73 -59.52 -54.12 -52.44 -50.24 -49.37 -52.43 -52.79 -50.25 -49.65 -53.65 -61.11 -63.94 -61.01 -63.21 -63.73 -61.92 -57.41 -58.34 -59.21 -59.59 -63.25 -54.90 -61.00 -53.05 -43.28 -48.24 -56.12 -56.94 -61.00 -64.40 -66.17 -69.20
-86.67 -87.93 -85.82 -83.31 -82.03 -77.82 -76.31 -78.13 -78.08 -78.28 -75.56 -76.34 -73.14 -69.73 -68.40 -65.68 -66.50 -65.55 -59.34 -58.87 -61.96 -63.87 -65.45 -60.38 -56.76 -58.11 -54.91 -52.54 -63.00 -69.34 -72.04 -74.33 -69.91 -66.76 -60.99 -57.77 -59.64 -62.46 -60.86 -57.82 -54.79 -58.82 -58.59 -57.04 -51.66 -48.97 -49.38 -52.46 -54.63 -54.36 -49.86 -51.46 -60.63 -59.02 -62.90 -64.11 -63.63 -62.91 -62.33 -58.93 -58.53 -62.54 -65.19 -61.89 -58.62 -52.24 -50.49 -45.98 -49.18 -55.53 -60.50 -60.66 -66.63 -69.72
-83.02 -83.05 -85.42 -83.89 -83.09 -77.65 -76.27 -74.64 -73.23 -75.01 -75.45 -79.82 -78.96 -77.63 -73.51 -67.12 -63.66 -62.92 -62.79 -63.51 -65.18 -66.68 -65.25 -60.11 -54.04 -60.14 -49.94 -51.18 -61.58 -69.06 -72.44 -76.34 -75.12 -71.55 -67.49 -61.66 -60.59 -62.46 -60.45 -56.18 -51.87 -54.09 -56.94 -55.93 -53.86 -52.47 -52.38 -49.38 -55.30 -50.56 -49.87 -52.93 -52.81 -57.38 -61.61 -61.09 -61.45 -63.17 -68.80 -57.66 -58.31 -63.18 -63.36 -63.00 -58.43 -58.19 -50.48 -44.78 -46.61 -48.39 -56.13 -62.29 -63.97 -65.70
-79.16 -79.13 -77.46 -85.24 -82.73 -82.18 -77.53 -74.63 -73.61 -74.33 -75.13 -79.05 -84.21 -82.30 -77.23 -70.36 -67.43 -68.20 -66.58 -66.36 -68.82 -65.02 -66.75 -62.17 -53.29 -53.47 -52.67 -51.85 -59.65 -67.36 -71.38 -76.40 -77.76 -77.90 -72.91 -68.48 -61.86 -62.39 -62.77 -57.60 -55.50 -55.42 -56.69 -58.94 -55.09 -59.13 -54.34 -53.63 -52.03 -48.82 -51.36 -53.07 -53.25 -56.16 -58.24 -62.42 -64.08 -65.32 -64.91 -58.44 -55.74 -58.39 -58.57 -60.50 -61.59 -59.06 -51.12 -48.48 -51.81 -55.42 -55.58 -56.55 -65.90 -62.06
-74.80 -71.65 -72.10 -76.43 -80.11 -77.19 -77.27 -72.62 -72.69 -72.95 -78.37 -79.58 -82.91 -83.14 -80.23 -73.77 -70.01 -69.82 -72.33 -71.30 -63.29 -69.07 -66.72 -61.75 -56.39 -51.86 -52.50 -52.62 -55.64 -67.46 -66.88 -66.80 -75.52 -80.80 -79.25 -76.40 -66.99 -61.74 -60.52 -60.35 -56.99 -54.59 -59.65 -61.15 -59.60 -59.13 -57.37 -59.91 -56.16 -56.53 -57.53 -57.74 -55.90 -56.96 -56.57 -63.51 -67.65 -68.49 -62.60 -55.98 -50.57 -55.14 -59.56 -60.87 -57.25 -59.16 -49.30 -40.81 -43.72 -45.86 -52.01 -56.74 -58.20 -62.43
-64.98 -69.90 -71.24 -75.07 -79.06 -77.63 -74.46 -74.01 -73.34 -77.80 -78.98 -79.67 -81.25 -84.85 -81.02 -78.87 -72.83 -70.03 -71.57 -70.39 -67.87 -61.49 -61.17 -59.92 -57.67 -52.44 -51.10 -49.82 -56.71 -66.67 -68.40 -60.98 -66.29 -81.09 -84.73 -77.01 -72.31 -67.45 -65.55 -61.93 -59.93 -58.11 -57.19 -59.57 -60.95 -59.96 -64.05 -60.44 -61.09 -62.54 -59.86 -59.25 -57.03 -56.16 -55.68 -60.68 -64.15 -69.04 -70.40 -55.42 -49.94 -52.60 -56.37 -59.42 -59.72 -58.23 -55.66 -51.52 -46.49 -46.42 -49.81 -50.93 -51.85 -58.23
-66.64 -67.80 -67.65 -70.93 -73.09 -73.41 -71.40 -69.00 -71.59 -75.10 -80.02 -80.11 -79.56 -82.45 -83.90 -80.85 -74.64 -70.25 -69.14 -67.90 -71.36 -61.44 -53.90 -59.25 -57.48 -55.80 -49.48 -49.14 -58.53 -65.69 -67.53 -62.21 -67.91 -72.64 -80.61 -77.45 -74.02 -65.72 -64.56 -64.40 -62.27 -62.05 -56.33 -60.54 -59.14 -57.14 -62.08 -60.45 -66.25 -67.11 -61.65 -55.37 -51.79 -53.32 -53.67 -56.69 -61.40 -69.64 -65.89 -61.57 -52.57 -48.97 -58.34 -63.88 -58.67 -54.97 -57.63 -52.57 -47.32 -35.76 -37.01 -38.48 -41.85 -47.70
-59.38 -63.12 -63.69 -63.09 -67.03 -64.12 -64.90 -62.67 -65.75 -71.42 -79.76 -81.88 -82.61 -81.92 -83.40 -83.34 -74.29 -68.66 -66.59 -72.69 -76.11 -71.20 -58.04 -57.42 -59.67 -57.25 -54.13 -53.77 -59.20 -64.47 -68.65 -65.33 -71.29 -73.83 -82.36 -83.84 -77.99 -70.54 -67.34 -67.85 -64.58 -62.53 -59.62 -58.91 -59.43 -58.70 -59.05 -62.34 -65.16 -61.36 -61.89 -60.33 -54.04 -51.89 -52.53 -49.48 -55.73 -62.94 -67.31 -62.51 -50.85 -46.23 -52.28 -57.09 -63.81 -61.12 -57.55 -55.54 -46.81 -39.58 -33.95 -31.85 -34.45 -40.35
-55.79 -57.38 -57.47 -58.25 -59.68 -65.32 -60.84 -55.98 -58.36 -69.65 -80.95 -86.41 -83.95 -80.21 -82.44 -80.37 -77.60 -70.00 -61.32 -63.47 -68.00 -75.78 -66.61 -55.02 -53.24 -60.23 -59.38 -60.41 -62.29 -68.08 -67.45 -68.63 -71.66 -72.47 -78.01 -82.89 -80.38 -71.15 -71.37 -71.17 -69.30 -68.57 -63.53 -63.63 -62.43 -59.97 -59.84 -58.72 -59.07 -60.86 -60.92 -57.89 -57.67 -56.71 -52.00 -52.12 -62.07 -71.51 -60.86 -70.74 -62.30 -50.27 -47.16 -54.71 -58.87 -60.04 -56.18 -51.50 -54.38 -40.15 -32.47 -27.58 -30.25 -33.95
-51.37 -51.75 -49.92 -52.53 -57.11 -61.57 -62.18 -56.40 -52.11 -62.90 -78.19 -86.90 -85.06 -77.95 -77.20 -79.88 -80.54 -79.63 -65.91 -61.83 -67.58 -79.90 -77.18 -64.16 -60.06 -60.48 -59.32 -57.69 -59.65 -62.78 -64.34 -72.27 -74.25 -74.47 -74.10 -83.57 -82.13 -73.29 -71.70 -68.94 -68.54 -66.48 -65.28 -65.93 -64.83 -63.43 -61.85 -60.23 -60.09 -58.43 -58.39 -58.63 -58.13 -55.41 -59.24 -58.67 -60.57 -62.15 -67.34 -73.94 -65.31 -56.60 -52.11 -53.25 -59.22 -55.88 -54.20 -54.07 -50.92 -40.33 -31.28 -27.48 -27.28 -32.43
-43.92 -47.17 -49.51 -51.81 -57.62 -63.89 -65.81 -59.56 -53.04 -59.54 -72.38 -84.29 -79.56 -70.89 -71.05 -71.44 -78.98 -75.38 -70.15 -67.18 -67.09 -74.91 -78.40 -77.46 -74.46 -67.42 -60.49 -58.02 -63.20 -64.08 -68.98 -68.90 -71.18 -73.36 -75.50 -85.50 -85.47 -79.67 -72.31 -68.32 -68.17 -64.35 -64.57 -64.78 -63.35 -63.50 -64.48 -64.36 -63.39 -58.23 -56.05 -55.93 -57.32 -54.45 -53.49 -52.81 -63.28 -60.97 -64.72 -65.08 -63.52 -64.14 -54.27 -49.54 -48.79 -50.31 -53.21 -52.39 -48.85 -46.51 -40.93 -33.56 -27.08 -27.00
-40.84 -44.27 -49.16 -50.73 -56.50 -63.78 -66.17 -62.85 -51.63 -51.96 -61.78 -72.98 -72.62 -63.33 -65.29 -64.74 -65.67 -62.38 -58.28 -61.54 -63.61 -70.66 -74.75 -78.26 -78.66 -69.05 -62.85 -58.28 -57.06 -58.71 -64.22 -70.30 -71.05 -76.39 -79.20 -85.70 -87.22 -81.96 -74.29 -70.67 -63.74 -64.52 -67.03 -66.87 -70.03 -67.79 -62.64 -63.34 -59.07 -55.92 -53.80 -55.32 -56.71 -54.00 -61.74 -59.02 -57.30 -63.20 -65.56 -63.26 -64.19 -70.07 -57.50 -52.98 -44.75 -49.62 -52.70 -52.01 -49.08 -47.11 -47.23 -35.22 -30.36 -28.57
-38.22 -44.03 -49.75 -51.86 -57.13 -60.06 -64.77 -62.83 -53.10 -45.82 -50.43 -57.41 -61.55 -53.01 -54.40 -57.25 -62.21 -54.54 -54.20 -60.10 -62.16 -68.51 -69.85 -72.04 -75.28 -68.45 -63.62 -58.82 -58.42 -58.38 -65.93 -66.54 -71.25 -76.70 -81.36 -85.34 -82.51 -80.70 -80.87 -77.01 -69.43 -69.34 -67.46 -71.62 -69.90 -67.27 -62.00 -58.81 -58.14 -55.16 -54.10 -55.38 -52.29 -56.38 -60.29 -63.89 -59.43 -62.10 -63.35 -64.12 -67.31 -70.11 -61.23 -55.42 -43.39 -48.09 -49.47 -50.57 -52.45 -47.19 -44.50 -38.48 -35.06 -28.53
-42.17 -45.73 -52.27 -53.94 -54.24 -58.14 -63.39 -64.07 -54.68 -43.25 -41.36 -49.83 -55.68 -53.78 -46.21 -47.80 -51.69 -55.57 -57.37 -56.46 -57.48 -65.83 -63.55 -66.62 -67.49 -63.76 -56.56 -53.83 -60.64 -62.95 -65.36 -65.71 -74.88 -80.26 -80.89 -79.44 -78.84 -80.68 -82.08 -75.76 -72.44 -72.19 -67.32 -75.67 -72.03 -66.45 -60.08 -56.45 -56.31 -55.01 -53.97 -57.48 -60.64 -60.69 -63.75 -65.51 -64.03 -63.00 -60.24 -62.39 -67.94 -67.52 -62.95 -55.16 -43.48 -45.78 -46.41 -49.65 -50.69 -45.75 -41.16 -37.13 -32.45 -30.36
-46.27 -47.29 -51.92 -58.47 -58.35 -61.56 -66.31 -68.22 -60.57 -47.21 -42.64 -47.14 -54.29 -51.91 -44.34 -42.88 -44.14 -50.11 -53.62 -55.04 -61.24 -69.47 -60.41 -56.31 -57.72 -56.54 -59.75 -59.96 -62.07 -68.70 -67.01 -65.84 -70.82 -74.61 -80.26 -79.38 -75.84 -72.08 -73.04 -75.38 -72.28 -72.20 -67.52 -70.24 -69.56 -67.85 -62.77 -56.01 -52.12 -54.23 -57.57 -60.31 -59.92 -59.84 -57.65 -64.45 -63.71 -66.22 -59.51 -63.57 -65.31 -67.58 -64.69 -59.30 -48.35 -42.46 -44.59 -47.70 -49.92 -50.28 -46.22 -37.34 -36.96 -35.58
