bougue_gs.grd
DSAA
         561         521
    -2800.000000     2800.000000
    -2600.000000     2600.000000
     -210.649994      436.619995
[rows 330 to 362 of 521, columns 296 to 369 of 561]
167.57 170.37 159.47 154.83 170.25 164.50 169.35 172.90 174.44 172.42 167.78 171.13 169.53 168.09 160.13 155.17 161.31 163.54 163.75 159.78 152.87 149.06 154.81 153.13 158.93 148.80 135.92 140.12 148.00 145.43 141.30 143.75 149.00 154.50 157.79 163.73 164.71 161.48 165.33 171.34 176.56 178.16 178.99 177.15 172.76 175.80 181.88 183.70 179.86 166.21 147.42 143.26 122.12 101.60 91.28 85.79 77.47 80.16 72.85 70.85 71.33 78.41 88.46 85.16 68.52 51.97 81.41 105.58 104.25 112.16 115.13 126.58 136.36 138.60
177.37 175.95 169.45 172.41 176.77 173.04 177.52 175.55 175.14 175.64 166.92 169.90 171.28 165.69 159.79 158.16 162.65 162.77 171.73 162.40 156.41 158.92 155.90 152.72 154.59 148.08 141.92 144.26 149.17 144.66 143.11 141.33 146.82 157.56 161.45 157.57 162.01 163.64 166.24 172.98 179.02 182.67 184.86 179.43 176.38 175.71 181.16 180.19 174.94 164.06 147.28 126.00 113.77 99.18 85.88 78.57 74.51 69.56 63.16 69.95 61.58 75.88 105.02 97.84 68.80 47.79 70.85 99.95 102.97 117.04 118.26 123.45 125.63 146.29
183.30 184.16 185.15 185.35 179.60 180.60 178.57 176.89 176.53 172.65 171.61 169.99 171.28 170.05 166.82 166.38 164.38 161.99 161.83 158.74 156.51 152.90 149.40 146.90 142.87 143.76 144.74 149.22 150.32 142.28 142.96 143.33 148.73 155.72 153.91 148.66 156.24 168.18 165.29 167.31 178.17 183.38 186.00 180.18 175.55 177.32 179.30 175.78 168.83 161.75 142.90 121.16 106.18 98.51 81.31 72.27 69.78 70.38 65.64 78.86 56.59 73.78 98.14 93.05 70.19 75.77 84.01 106.50 110.37 116.34 124.77 113.99 127.50 136.65
188.72 193.81 194.42 191.89 186.45 189.38 182.25 178.72 178.64 175.56 180.50 174.13 172.23 177.41 174.35 166.38 160.72 159.52 156.51 161.86 154.13 149.39 146.27 140.74 138.11 142.24 147.10 151.52 144.57 138.82 141.10 141.97 145.88 151.53 151.91 150.92 147.32 157.79 172.60 167.72 172.83 180.80 180.61 176.13 174.52 177.11 177.55 170.46 158.23 152.39 134.85 110.67 100.44 89.72 74.52 67.59 68.36 68.79 60.69 69.78 64.08 86.31 96.74 91.12 71.03 84.81 91.51 110.49 113.41 121.75 131.25 110.45 134.26 144.85
194.10 196.35 197.11 199.23 195.54 188.94 186.54 180.37 178.33 177.11 175.56 176.04 173.44 177.24 170.78 164.57 162.95 161.41 162.45 163.78 146.41 142.92 140.47 139.37 141.68 143.52 149.20 146.54 137.97 142.91 152.22 142.60 145.05 149.21 150.38 150.83 148.28 156.09 178.62 178.16 177.17 182.16 184.81 177.59 174.63 176.86 175.22 160.72 150.29 138.65 119.60 106.44 96.82 84.17 71.20 67.81 70.08 63.82 69.13 66.62 74.19 101.80 97.80 95.38 84.24 83.18 89.98 119.55 128.24 135.05 138.62 137.89 144.60 153.64
194.68 200.79 205.78 203.92 201.74 193.37 185.78 180.13 178.00 177.58 171.98 172.77 170.90 171.29 170.51 170.34 165.61 162.62 163.62 163.73 149.03 144.53 141.61 141.22 141.28 141.02 140.23 134.96 132.56 142.12 152.71 134.32 134.34 144.04 146.25 157.52 161.34 163.46 170.93 176.86 185.10 188.20 187.13 181.73 176.94 176.06 172.07 155.00 134.92 115.60 105.40 100.42 91.81 75.58 69.07 68.11 65.41 71.25 73.23 62.63 79.78 98.44 93.19 96.90 81.62 83.68 98.03 143.44 149.75 152.41 157.22 133.62 139.54 160.72
199.12 203.77 207.54 199.85 199.28 197.32 189.12 183.82 178.30 177.91 178.57 177.74 176.22 176.72 170.96 169.92 169.87 166.36 163.08 157.83 151.62 143.32 142.64 139.80 135.45 134.86 141.82 138.49 134.32 145.52 150.64 144.59 140.10 155.28 150.84 154.27 153.15 167.56 168.49 174.51 184.13 184.16 183.00 180.97 175.33 167.69 163.11 146.34 125.16 105.85 100.00 94.82 84.94 68.48 64.50 67.85 66.48 73.75 74.51 70.95 86.28 92.47 88.14 80.27 84.39 91.36 129.52 143.31 140.63 129.25 135.27 124.42 150.58 160.38
206.22 206.42 204.29 202.01 202.34 195.86 192.66 184.49 181.11 181.30 183.94 180.78 176.92 182.92 174.97 172.84 171.77 167.20 164.02 151.95 148.09 147.78 144.65 141.07 130.33 125.98 131.41 137.05 139.25 147.04 151.42 147.98 149.20 159.43 160.89 163.37 164.17 169.51 173.53 178.66 178.30 178.52 175.41 173.83 173.90 166.64 149.72 135.46 120.02 105.56 98.05 89.11 74.70 65.33 68.51 68.20 63.03 66.72 74.42 76.55 83.18 83.73 84.02 91.67 93.59 100.05 127.97 121.81 124.17 114.67 123.62 141.01 149.43 144.45
210.77 208.53 203.29 204.18 202.83 192.35 189.42 184.19 184.60 182.51 182.45 183.55 177.12 171.06 171.31 173.08 174.20 166.83 156.93 150.76 149.85 143.78 140.42 140.97 132.85 128.94 131.22 139.11 142.32 147.13 149.90 143.57 150.80 159.42 167.22 165.65 167.80 174.39 174.56 177.70 182.12 180.73 178.47 179.63 177.61 164.60 140.56 125.58 112.40 101.27 93.31 84.11 73.68 54.67 54.11 63.56 61.64 65.31 70.62 70.56 80.07 81.41 77.62 83.92 100.60 119.28 140.25 122.33 120.31 114.31 120.40 123.91 136.36 139.49
207.77 212.64 211.10 204.75 201.22 197.06 190.29 186.45 184.91 181.49 180.65 184.16 179.19 161.30 162.64 169.95 178.11 167.84 153.76 152.94 147.43 141.66 144.57 142.18 143.05 140.48 139.02 142.73 141.57 147.98 156.04 154.90 166.75 169.18 171.52 167.97 176.49 185.22 189.42 184.82 187.92 183.26 177.19 180.91 170.80 169.30 142.25 120.85 108.84 97.76 88.28 83.01 72.19 47.26 55.07 63.75 59.58 62.26 66.47 73.79 83.29 87.50 78.47 87.21 105.70 130.88 113.93 118.55 109.61 99.75 107.85 119.99 124.67 139.85
209.26 215.60 213.10 208.13 201.53 196.69 189.91 190.44 183.83 181.44 187.26 183.04 176.38 172.14 170.96 166.68 170.27 158.61 154.64 152.13 141.15 141.52 142.51 146.50 149.91 146.37 149.57 150.78 146.25 149.92 163.83 159.73 169.37 171.70 173.07 181.32 193.10 193.68 195.07 194.70 204.82 197.68 192.74 182.39 172.06 168.19 148.17 122.80 104.62 94.39 84.56 79.77 69.54 60.60 66.40 64.26 61.71 64.13 69.84 77.78 86.30 98.92 100.89 106.30 111.99 128.03 120.95 126.29 112.15 110.95 115.29 129.97 132.86 136.32
212.36 209.05 211.29 216.02 202.90 193.88 191.25 192.80 184.87 182.40 184.70 179.08 181.51 181.21 169.16 166.37 166.10 156.36 149.62 141.52 143.77 147.59 148.75 152.00 153.05 151.39 149.77 150.49 155.94 154.64 172.49 176.02 175.34 171.23 175.55 189.60 197.59 192.42 195.62 201.00 209.34 200.26 193.89 181.95 178.63 176.57 161.80 130.15 112.05 96.76 88.18 82.45 75.66 79.60 78.24 68.41 68.79 74.95 78.92 84.70 89.12 91.80 107.67 109.38 112.59 143.83 142.43 117.37 109.94 108.12 122.06 133.35 125.24 122.35
217.02 216.26 215.11 213.02 205.05 198.62 191.71 190.87 188.32 189.33 182.43 173.96 173.63 167.98 160.86 171.57 171.90 160.63 148.25 148.16 153.31 156.52 151.79 147.70 150.48 151.42 157.98 163.22 168.62 170.66 170.13 170.44 170.06 163.38 175.18 182.24 183.89 192.22 200.58 199.37 206.60 195.06 189.67 191.85 191.74 187.09 171.81 138.03 123.30 107.05 97.51 91.59 85.79 83.69 79.21 74.19 74.48 77.19 75.93 82.90 97.84 99.97 113.78 119.95 135.29 140.14 126.27 108.25 106.79 114.54 134.14 138.68 121.38 131.47
218.57 221.06 216.49 207.43 205.65 201.21 192.72 193.42 191.02 193.73 186.49 176.24 163.64 166.12 161.08 167.90 167.74 153.18 140.26 155.76 167.56 160.13 153.28 153.00 150.32 157.92 173.21 175.04 171.86 171.73 171.86 170.71 170.69 166.01 175.86 179.24 182.24 190.81 194.91 204.83 212.80 205.16 198.84 201.60 191.52 183.93 173.97 150.70 130.54 115.82 104.63 97.72 95.87 88.92 81.18 77.20 79.42 80.27 84.21 91.28 97.55 111.15 122.97 127.35 144.31 146.22 132.66 115.11 116.46 135.04 136.19 130.63 122.65 133.54
221.08 220.72 219.26 209.34 202.07 196.39 191.07 188.44 190.80 192.35 181.16 184.88 169.04 180.32 168.68 159.95 159.76 156.05 147.51 156.73 161.71 158.93 153.31 149.82 149.20 153.77 168.86 169.89 176.01 173.47 168.03 175.95 184.24 182.30 177.22 175.10 182.46 196.86 200.72 206.80 209.84 207.04 203.39 193.14 189.32 182.99 180.28 159.50 139.42 124.15 108.36 102.45 104.81 98.57 85.83 82.80 86.99 93.07 96.60 99.25 103.64 111.00 123.21 155.44 143.97 140.10 126.54 119.23 126.24 130.76 122.77 126.96 128.53 127.62
225.09 222.94 218.03 210.16 204.68 199.00 195.71 188.87 185.47 186.56 181.71 184.52 166.79 165.73 162.94 159.91 158.58 153.05 150.99 153.56 156.09 151.36 150.07 155.67 158.91 170.59 187.88 184.88 188.55 168.29 171.89 185.50 193.43 198.48 188.40 192.73 200.61 203.70 206.62 208.74 213.23 211.58 211.44 202.72 194.42 186.84 185.09 167.41 144.11 129.66 113.04 106.27 108.45 100.46 93.59 91.41 91.73 93.30 95.83 105.54 106.67 107.30 144.91 166.79 146.73 136.09 128.19 124.07 114.79 119.41 119.90 130.93 137.85 143.08
230.86 225.78 217.56 212.40 208.61 203.02 199.23 194.45 184.30 183.29 182.64 178.71 172.37 169.34 164.87 161.75 156.98 152.48 152.26 154.35 160.96 150.93 149.49 159.07 171.68 187.12 185.19 182.27 175.80 163.03 174.23 187.53 199.06 205.12 202.76 208.23 212.35 211.54 213.32 212.09 209.93 212.11 219.46 210.37 200.66 192.88 191.02 170.20 147.16 131.91 119.12 110.95 113.41 106.79 102.88 99.44 98.33 93.12 96.58 106.80 109.12 118.14 136.25 131.23 131.03 140.53 137.60 128.25 121.46 122.66 143.04 141.61 133.71 137.84
231.63 226.40 210.12 208.16 207.65 205.67 199.31 194.38 187.98 185.14 184.42 179.33 174.92 167.23 165.75 164.74 156.41 152.84 150.89 151.63 160.29 157.71 159.38 165.63 177.83 179.78 174.47 178.05 178.27 177.08 181.50 192.52 198.27 196.58 199.08 201.30 208.08 212.64 222.30 223.27 218.13 218.64 221.96 216.02 206.19 199.18 191.81 167.86 148.64 139.72 124.44 117.88 117.75 110.58 112.94 111.27 108.23 97.44 99.47 98.33 112.26 135.01 133.94 138.11 151.18 148.17 141.83 134.56 129.60 133.43 139.16 134.07 124.39 132.62
236.32 228.08 196.00 205.78 209.47 207.10 198.29 193.27 191.99 187.71 181.96 178.88 172.46 166.30 163.56 165.22 157.95 152.99 147.86 150.25 160.77 160.26 165.12 169.51 173.18 169.55 169.54 175.50 179.45 183.85 189.17 193.04 198.21 205.93 206.60 208.05 213.53 215.24 221.21 221.17 222.11 219.75 214.96 220.45 213.10 198.76 192.01 174.74 159.09 141.17 126.63 124.08 122.47 116.85 119.57 117.65 115.91 106.15 103.77 107.07 118.58 144.09 151.13 157.59 158.04 144.85 141.63 134.65 133.13 136.05 133.30 134.23 129.47 142.58
237.93 229.50 208.99 212.08 210.82 208.92 201.30 196.84 194.30 187.31 177.05 172.27 169.47 164.86 160.94 166.93 161.98 154.72 145.09 157.43 161.55 160.41 164.31 161.95 162.38 163.17 170.22 174.14 178.92 185.58 194.84 197.58 200.45 209.43 212.99 219.99 222.05 218.49 222.49 221.68 228.71 222.43 221.68 227.22 213.14 198.45 192.79 177.09 165.54 147.68 139.65 133.29 128.73 129.04 126.96 125.96 126.12 115.42 116.91 131.24 129.48 135.21 138.99 153.84 161.59 153.08 153.33 140.90 138.24 128.75 136.73 125.93 113.22 132.14
237.30 232.19 224.34 217.80 212.33 206.89 200.40 200.97 197.88 189.20 179.55 172.48 175.83 166.68 162.60 165.94 161.57 159.50 145.19 153.44 164.75 164.56 164.27 162.53 161.49 169.87 174.76 177.54 183.15 194.33 193.88 196.89 197.78 202.64 214.72 213.72 219.89 223.47 226.82 226.37 228.61 229.01 229.88 227.98 213.49 201.04 192.78 182.74 171.19 154.87 147.52 142.25 134.81 133.83 131.13 124.63 118.43 118.99 120.60 127.77 120.34 119.39 138.52 148.97 161.88 155.17 153.32 151.05 149.71 139.07 152.90 138.39 125.01 124.57
237.84 234.77 225.59 219.01 211.38 204.05 199.65 200.83 198.06 190.98 180.92 180.85 177.41 170.53 170.07 168.86 168.05 165.11 153.98 161.84 167.11 166.08 165.78 166.73 170.98 176.60 183.02 184.79 196.85 204.61 194.81 199.65 211.22 222.40 223.70 221.23 226.00 224.30 228.14 229.92 228.32 231.63 228.91 224.60 217.10 207.10 199.79 189.52 180.91 167.79 152.15 140.10 129.11 130.33 125.12 118.13 114.36 123.20 127.43 129.80 103.53 124.67 151.79 157.65 164.60 156.75 167.09 180.77 160.52 143.30 149.28 140.23 127.73 118.53
235.79 234.64 229.91 220.71 211.14 205.30 198.48 196.79 194.03 192.20 184.50 180.87 179.61 180.18 181.22 176.58 178.50 165.96 153.18 152.22 162.67 167.07 171.55 173.16 177.88 179.32 182.02 182.52 189.67 201.19 201.66 214.43 225.97 229.92 229.65 230.87 230.16 233.63 236.36 236.03 231.47 230.33 224.10 222.95 213.75 206.17 207.26 199.23 186.82 180.40 165.90 150.23 134.18 134.93 127.03 124.95 121.10 127.96 136.75 141.85 121.75 138.00 159.53 162.86 168.54 176.20 181.20 192.77 169.87 148.48 149.44 144.19 127.33 118.43
235.04 231.73 227.63 219.09 212.89 208.78 200.71 195.41 189.29 186.50 179.44 180.23 184.01 178.59 180.09 178.98 177.62 167.43 163.06 156.28 162.07 171.29 173.91 175.71 180.82 184.97 188.22 188.70 195.41 205.02 208.39 217.33 228.83 231.02 236.05 240.35 237.92 245.36 247.75 246.16 239.05 234.91 231.96 225.98 212.92 214.25 214.44 205.37 192.92 186.71 174.20 159.50 154.56 145.55 132.04 136.37 130.20 140.44 144.97 143.19 132.34 146.75 160.54 160.74 169.17 183.98 175.42 185.17 172.65 145.60 150.90 151.56 135.10 125.55
235.26 232.42 226.86 222.14 215.08 209.85 205.18 197.09 186.29 173.70 171.70 184.50 184.17 172.29 168.28 168.45 166.45 167.76 165.38 163.75 163.10 168.61 173.59 178.56 186.70 192.68 197.08 197.48 201.26 210.23 207.91 217.67 232.05 239.45 244.57 249.81 247.61 254.50 259.49 258.44 248.63 245.25 240.58 227.93 222.11 219.78 218.19 213.14 203.79 199.17 189.95 174.59 177.80 167.90 159.95 157.51 150.18 148.58 152.82 148.74 154.15 164.08 168.27 176.30 195.46 182.21 178.58 191.89 171.39 154.40 149.54 144.72 133.92 123.77
236.06 233.39 230.22 223.26 215.67 210.50 203.42 196.08 187.17 180.50 175.04 177.96 181.83 175.76 167.90 165.95 172.85 170.42 161.57 164.43 173.47 174.60 182.44 193.19 198.65 202.41 206.64 210.56 215.34 216.05 217.59 225.23 237.95 249.33 250.84 255.80 258.68 264.20 268.37 264.67 257.49 252.71 246.46 237.30 227.56 221.82 219.61 215.84 210.60 207.08 199.71 191.27 192.69 186.17 189.36 180.30 176.03 174.77 168.07 163.84 178.09 171.48 172.75 188.91 208.23 191.28 183.34 198.74 176.79 156.59 145.70 138.23 134.79 124.89
238.37 234.07 230.04 221.34 216.27 213.32 207.38 200.49 189.02 187.54 180.00 169.75 178.29 174.63 170.70 171.44 171.68 171.93 168.63 172.94 181.88 182.68 183.01 185.77 200.28 208.96 218.06 222.32 223.35 228.74 230.03 233.96 237.06 247.26 259.88 268.25 275.72 281.25 277.86 271.11 267.08 256.59 248.55 242.68 233.57 229.74 223.92 221.19 218.55 210.35 205.42 201.80 202.30 199.15 201.37 194.69 192.99 201.97 200.39 208.79 213.53 193.96 183.74 203.24 214.03 218.12 212.68 202.85 187.83 178.51 158.75 146.78 139.93 126.30
238.91 236.25 229.47 223.92 216.87 214.02 211.11 200.30 190.21 187.06 181.51 172.64 173.22 172.20 175.58 169.97 159.94 167.58 172.14 178.97 186.42 190.40 192.27 194.76 205.72 215.09 227.68 228.70 231.88 232.98 237.53 244.21 251.35 262.84 272.35 277.76 282.98 287.26 284.73 276.95 271.29 262.93 253.86 245.63 238.07 229.24 219.34 217.20 224.45 218.54 216.66 212.52 210.05 210.56 213.32 213.94 218.08 217.01 219.17 227.06 223.43 213.77 201.62 222.51 216.90 216.25 206.96 207.22 202.36 191.28 178.48 163.84 145.72 140.27
235.68 235.39 229.78 223.85 214.21 211.44 207.38 198.35 184.65 184.59 188.80 178.48 170.15 172.80 174.34 173.52 167.60 163.47 167.58 179.55 189.69 197.93 201.40 207.28 215.22 222.24 231.07 232.32 232.53 236.61 245.09 252.53 263.27 269.86 277.73 283.81 286.17 290.02 283.52 277.54 275.83 272.03 261.03 247.65 238.47 228.87 218.61 220.61 232.39 231.54 226.90 221.22 220.91 224.37 225.19 226.31 228.37 227.22 229.28 227.00 234.18 234.47 230.07 235.93 228.13 221.58 212.86 211.01 207.53 204.79 191.95 181.41 167.43 161.27
235.59 233.01 229.85 223.11 212.60 203.22 206.26 199.63 190.79 190.40 193.99 184.18 176.85 171.03 167.44 176.22 171.82 174.67 181.59 184.85 194.17 202.73 207.01 217.31 227.40 227.26 226.72 233.89 240.06 244.97 250.72 253.84 261.98 271.33 278.99 285.27 288.68 288.18 283.20 283.63 280.41 273.94 261.14 249.99 244.67 233.64 225.35 228.94 234.20 233.07 235.45 234.17 235.17 239.03 243.05 240.26 244.11 242.63 247.34 246.58 248.66 243.78 245.24 245.18 241.97 235.24 224.45 218.95 220.38 214.23 199.92 201.41 191.71 179.97
236.86 233.67 230.44 223.52 216.27 209.15 209.48 203.14 195.81 192.96 194.77 188.71 177.19 175.67 173.05 173.08 176.16 181.82 189.05 193.47 205.88 213.40 221.18 227.48 231.54 228.17 230.93 241.29 246.93 253.07 254.19 252.59 260.86 272.12 278.90 284.49 284.83 285.45 286.36 284.29 280.08 274.35 261.90 253.29 248.99 239.60 233.43 232.31 234.80 238.82 242.33 244.58 245.03 246.28 251.85 250.50 252.80 254.38 259.72 259.49 259.98 253.03 251.38 252.26 249.52 244.57 241.86 234.38 239.44 230.30 210.25 196.82 206.19 192.81
234.14 234.03 231.57 225.82 218.63 211.11 209.92 204.24 196.05 193.52 196.41 189.01 179.00 181.68 180.04 177.91 177.24 181.57 193.84 203.18 207.59 213.88 222.38 230.51 234.84 234.86 241.36 245.25 242.31 246.68 253.07 260.40 266.62 274.79 278.01 282.45 280.28 279.90 282.31 279.97 278.77 272.11 261.69 252.82 248.00 246.71 240.62 239.42 239.98 236.59 244.98 251.09 248.68 251.03 258.12 256.67 256.68 259.48 264.04 264.39 266.16 260.59 255.92 254.79 251.27 252.29 252.14 248.15 247.64 230.80 219.04 211.76 220.06 223.68
230.86 232.60 232.13 227.62 220.40 214.19 209.25 203.50 195.75 191.65 193.67 186.63 187.76 189.02 187.13 181.15 175.75 180.68 189.94 199.15 210.23 220.20 231.39 235.49 238.58 241.34 244.47 237.15 236.37 242.90 251.67 260.31 263.32 266.20 271.03 273.65 275.71 276.21 275.50 273.17 269.56 263.24 253.96 247.34 243.17 246.55 238.66 236.35 239.39 241.80 244.16 248.07 250.89 258.03 261.29 256.76 260.79 264.16 264.34 263.71 267.64 257.59 252.05 253.09 258.06 256.41 257.76 257.66 241.07 232.40 221.75 223.24 232.01 240.04
