bougue_gs.grd
DSAA
         561         521
    -2800.000000     2800.000000
    -2600.000000     2600.000000
     -210.649994      436.619995
[rows 429 to 461 of 521, columns 370 to 443 of 561]
229.00 224.20 222.26 228.45 227.76 217.87 214.76 221.95 226.95 225.78 223.84 221.52 233.64 235.82 206.71 180.16 167.09 170.61 176.98 174.25 174.40 176.65 183.28 191.89 210.89 226.46 205.34 185.07 155.73 134.75 114.94 109.13 93.15 82.87 90.76 87.01 84.78 88.71 79.00 73.21 73.99 53.91 56.17 67.16 58.42 57.55 47.96 45.56 42.17 36.40 36.02 36.63 35.85 28.83 27.02 21.94 17.26 11.70 4.08 1.03 1.94 0.72 2.86 7.26 14.05 10.94 14.57 15.20 6.33 -1.91 17.94 17.95 20.79 9.21
216.97 211.92 212.76 212.81 211.00 210.49 212.55 215.20 218.46 219.53 221.04 222.98 222.66 213.67 192.76 179.00 170.97 175.03 179.34 176.44 176.79 179.32 183.65 190.16 206.19 219.88 206.35 182.68 150.44 125.71 110.66 104.28 94.50 85.82 94.58 90.57 79.40 79.90 75.74 72.70 68.31 54.86 61.92 65.90 57.14 55.13 50.08 48.85 44.26 39.83 36.91 35.32 37.37 31.83 27.21 24.55 20.55 14.33 5.09 0.34 -1.27 6.35 8.67 2.24 12.96 8.35 12.43 18.99 16.12 15.13 18.18 25.67 17.52 9.47
208.40 206.01 206.07 200.31 204.09 211.74 212.28 211.93 212.93 212.48 217.25 220.27 204.76 192.73 187.40 184.31 182.36 181.16 180.10 173.83 170.58 175.20 175.35 182.96 198.10 209.76 202.27 176.40 147.30 123.31 106.99 97.70 93.36 89.95 93.94 87.05 78.96 79.18 76.77 71.89 58.00 50.47 59.90 61.05 59.07 55.68 52.86 51.56 47.42 42.25 37.27 40.13 40.64 31.06 29.66 25.94 20.16 17.25 8.76 2.24 1.09 2.63 8.91 7.23 11.16 6.37 10.77 20.96 21.87 20.78 20.94 15.49 8.99 5.63
193.46 196.26 197.69 192.62 199.99 209.16 210.45 209.32 206.51 207.71 209.22 208.13 194.49 187.17 190.37 189.79 186.93 183.52 176.15 167.52 165.36 164.94 171.23 180.22 193.64 195.80 196.44 165.64 134.02 114.41 104.15 96.47 88.66 84.47 87.25 85.91 78.46 73.03 70.85 64.79 50.69 52.03 58.80 61.01 63.77 59.74 54.35 53.62 48.11 43.75 39.99 33.44 38.84 33.47 28.44 25.48 21.76 21.16 12.13 5.51 4.14 6.14 5.35 6.10 11.13 -1.08 7.15 9.84 17.93 13.04 15.34 10.50 9.95 5.17
184.08 180.70 188.60 193.01 198.33 205.39 206.03 201.25 199.58 198.83 196.81 192.84 185.09 188.45 191.89 188.24 184.03 181.15 167.83 157.29 160.74 170.87 177.54 179.88 191.36 196.17 186.15 154.55 123.67 100.59 94.34 93.25 84.76 83.73 85.68 74.84 64.24 61.14 63.12 61.60 52.10 54.60 57.88 60.48 59.60 58.96 54.78 48.97 50.53 46.33 40.32 33.51 35.23 39.12 34.20 29.87 28.60 24.70 13.59 8.70 2.55 1.60 6.11 7.25 7.22 -4.02 2.30 5.49 9.94 8.65 18.04 15.61 9.30 13.76
185.19 187.35 198.16 200.60 202.98 206.39 204.57 197.06 195.33 194.68 191.59 185.73 183.74 187.81 187.68 180.68 176.48 172.11 162.64 158.49 161.11 170.01 180.43 185.90 193.10 195.41 171.56 142.75 115.80 93.81 80.91 81.29 80.85 80.25 80.50 71.92 59.97 54.33 49.85 47.70 48.61 53.49 53.62 54.71 57.62 59.11 57.29 53.39 50.48 45.23 40.68 40.88 38.29 38.87 38.08 35.51 31.70 27.10 16.72 12.31 7.10 3.07 11.39 6.09 -3.17 -7.32 0.32 -1.23 4.54 7.72 15.24 9.70 11.36 13.08
175.71 195.93 206.78 206.77 208.74 205.16 199.28 192.84 194.04 195.49 192.44 188.70 186.51 186.03 184.84 174.95 172.39 168.00 161.31 159.98 163.83 168.82 176.80 185.87 190.70 177.89 153.35 133.09 107.60 93.32 84.75 81.34 74.80 74.17 71.60 62.46 52.76 46.98 41.82 40.33 50.54 52.84 51.41 57.79 59.76 64.34 59.46 53.48 49.75 44.59 41.06 39.67 40.90 39.03 39.62 36.30 33.64 29.38 22.60 17.97 10.15 6.92 13.40 8.39 -3.73 -5.37 2.87 0.23 3.35 9.15 19.15 10.48 11.24 14.92
200.02 210.97 211.99 214.60 209.36 204.87 198.22 190.74 194.27 192.51 187.99 187.77 187.27 188.66 185.35 174.34 171.35 154.59 158.78 161.18 159.45 166.81 176.99 187.40 186.73 170.05 142.86 121.23 101.97 92.37 90.34 83.77 74.42 72.91 64.94 53.55 45.47 41.22 40.94 41.78 46.15 49.86 52.97 56.55 57.45 57.77 56.50 51.38 48.16 45.32 42.07 46.69 41.75 40.31 39.80 36.92 36.68 32.51 25.85 21.20 13.56 9.94 7.49 5.63 -0.42 5.36 3.20 0.52 1.72 4.52 10.71 9.43 10.26 14.79
221.60 223.14 224.77 219.57 204.30 202.59 199.48 195.13 196.97 191.46 183.36 185.26 192.53 191.68 185.47 170.90 160.24 150.56 156.20 162.72 160.70 173.60 184.07 190.72 185.45 161.54 131.07 106.79 90.82 82.80 82.40 85.73 78.09 63.88 52.74 45.36 38.19 36.09 37.75 40.67 45.11 48.74 55.94 57.86 57.37 56.73 56.28 50.49 47.76 45.57 43.28 44.99 43.00 41.80 38.71 35.55 35.75 32.00 27.67 22.73 12.17 6.14 3.61 3.04 -2.21 3.53 4.33 1.37 1.06 8.24 15.51 13.42 9.64 11.75
222.77 224.97 226.24 221.01 209.09 200.51 194.29 193.52 188.66 180.86 176.96 179.61 187.91 192.00 190.72 175.11 158.50 155.61 156.72 161.83 169.28 177.15 182.34 185.97 175.76 146.75 115.07 93.12 78.84 72.45 69.32 70.87 62.78 54.61 47.87 37.74 33.39 36.46 37.74 43.12 47.12 47.72 53.08 57.51 56.66 59.82 56.84 50.17 45.32 43.95 44.38 45.49 43.02 41.02 38.51 35.78 34.13 33.61 28.47 19.49 12.62 6.42 3.11 -1.86 -6.32 1.83 1.12 -1.96 -0.35 6.24 14.44 6.37 8.67 8.64
221.66 224.62 222.59 218.61 210.22 199.04 192.45 190.35 182.66 174.84 175.69 177.36 181.10 187.13 187.73 174.46 161.82 160.38 160.26 164.88 177.56 180.21 186.54 187.05 163.52 128.98 100.11 79.77 68.10 66.25 64.10 60.99 56.07 51.27 45.74 38.32 30.06 32.44 38.08 43.84 50.28 52.45 55.23 57.19 55.06 54.02 54.42 51.42 46.95 45.26 45.79 45.23 45.48 42.74 39.65 35.04 33.79 32.01 24.83 16.19 11.44 6.20 3.71 -5.95 -3.85 -0.02 -0.93 -3.45 -1.92 3.28 10.44 5.05 11.13 7.57
222.43 222.44 217.69 210.95 204.64 197.49 192.13 187.34 181.61 173.32 170.61 177.80 179.67 178.82 175.25 166.25 163.16 160.24 162.03 169.81 178.45 186.90 187.35 177.78 150.34 116.01 89.29 72.28 64.39 63.71 62.78 56.99 53.03 48.34 43.14 35.13 26.34 23.52 32.24 41.91 50.22 52.89 56.67 57.50 52.61 55.14 54.68 51.85 51.66 50.27 49.06 50.90 50.47 44.11 38.35 33.43 31.37 30.94 19.96 12.99 9.38 6.82 1.23 -7.07 -6.95 -4.22 -6.93 -6.20 -2.80 -1.68 4.97 4.20 6.85 6.04
222.27 219.77 217.05 208.03 201.97 195.77 189.23 187.08 183.59 179.60 174.43 178.42 180.69 174.79 164.34 158.17 153.90 157.83 168.47 177.97 178.37 181.14 182.67 166.91 134.82 103.32 80.17 68.02 63.98 64.00 60.98 55.18 53.60 48.97 39.08 33.34 28.52 31.47 37.56 43.57 49.12 55.65 58.94 53.81 49.64 52.52 51.16 49.24 51.77 55.02 54.04 53.47 49.87 44.62 37.45 31.95 32.75 27.89 17.06 11.98 7.73 -0.01 -4.19 -9.89 -5.66 -3.07 -6.10 -8.86 -4.59 -2.74 6.25 9.12 9.05 9.91
224.33 219.24 214.66 206.90 202.90 196.89 189.37 187.89 183.25 182.66 183.78 180.55 177.24 169.76 165.94 159.43 153.10 163.68 173.54 176.65 175.08 173.02 169.87 148.64 114.21 83.36 70.45 67.18 62.47 61.34 58.95 54.65 53.36 49.99 34.56 31.32 28.63 29.74 34.60 44.52 52.86 58.83 58.79 51.47 50.86 49.96 47.70 49.33 50.25 53.85 55.18 53.55 46.84 40.72 36.03 33.47 27.81 22.06 13.63 10.47 5.30 -2.81 -13.04 -14.29 -10.31 -2.62 -5.84 -7.52 -11.53 -4.30 1.22 9.46 11.27 2.82
223.68 216.42 211.72 208.37 206.51 199.33 190.36 187.26 183.42 181.09 180.58 179.31 173.96 168.84 162.16 152.50 159.00 173.19 180.52 174.58 168.92 163.25 151.28 125.84 95.85 74.49 66.57 63.42 59.84 56.66 55.18 53.19 53.61 47.02 35.50 26.97 35.08 40.59 39.43 47.23 54.77 55.54 54.82 51.57 50.25 49.69 50.48 54.02 53.38 53.19 54.18 49.75 43.43 38.64 39.95 35.08 25.45 23.42 23.30 18.75 8.94 -2.64 -14.07 -13.41 -7.73 7.84 -3.97 -11.43 -7.69 2.84 0.96 3.05 6.17 1.70
212.36 214.63 212.04 205.73 201.80 195.52 187.21 183.96 180.47 178.39 175.83 170.40 161.52 157.64 156.61 157.89 168.94 181.62 183.09 172.08 162.03 149.31 129.35 105.30 83.44 70.46 63.93 60.78 57.11 52.81 50.88 49.72 48.80 44.93 38.15 35.62 35.89 35.19 40.08 45.44 48.53 52.04 52.86 52.91 52.43 51.16 53.30 56.38 56.71 56.93 51.75 39.68 40.20 42.04 39.55 34.87 35.13 34.68 32.73 21.60 8.88 -2.10 -7.75 -4.20 3.07 12.84 -5.65 -7.54 -2.82 7.09 3.07 9.71 8.58 -3.62
207.19 218.48 209.96 200.67 195.14 193.39 188.58 178.46 172.94 167.96 162.82 155.27 153.50 156.53 158.64 165.50 177.78 183.41 178.32 167.76 156.70 135.51 107.69 86.34 74.07 65.40 60.60 57.52 51.94 50.15 48.84 49.59 47.08 42.02 40.45 41.97 41.78 44.40 47.31 47.76 47.07 49.31 50.71 53.68 55.01 51.95 50.19 54.89 56.87 57.16 50.09 42.09 45.48 48.79 43.81 43.63 44.46 42.84 36.07 23.15 11.21 3.55 1.83 5.32 13.51 13.37 -5.07 -7.98 -6.41 5.92 1.41 2.14 5.37 -0.43
214.13 218.27 210.51 200.64 190.71 186.90 178.29 169.61 164.18 155.61 149.35 149.95 154.53 161.07 164.68 173.61 188.59 185.42 170.62 159.98 146.79 117.47 90.53 75.46 65.90 61.11 56.66 51.94 48.42 47.23 49.44 50.68 49.25 45.38 45.56 51.12 53.69 54.32 55.43 58.19 57.15 53.56 52.02 54.31 55.35 52.84 48.99 51.75 54.08 57.97 53.69 53.24 55.01 51.48 47.91 45.48 43.87 42.54 37.12 30.84 21.19 7.28 1.68 5.32 12.40 17.53 2.79 -5.12 -2.31 -0.54 0.38 3.40 4.19 -0.37
220.61 213.87 206.23 196.00 186.38 179.26 167.61 159.29 151.86 147.24 145.39 146.76 156.86 160.38 169.81 185.55 196.34 186.11 168.18 150.21 125.41 96.41 72.20 63.43 59.75 54.34 49.13 48.17 44.29 42.07 47.29 49.19 51.30 52.03 51.94 55.88 59.85 60.44 60.87 61.26 61.70 60.09 58.95 57.36 54.39 53.27 51.68 51.04 53.04 60.41 63.53 63.52 64.49 56.82 51.35 47.01 44.41 42.52 39.70 32.81 16.26 4.04 1.73 -0.19 2.58 9.85 -1.69 -2.86 -0.25 -4.22 -2.70 0.46 3.93 4.30
216.43 201.00 192.74 190.58 179.99 169.29 161.96 153.35 143.17 138.88 142.88 150.82 154.62 163.98 180.24 195.72 196.47 178.56 158.32 134.93 104.53 79.70 62.32 56.86 53.70 46.32 42.72 45.24 45.02 43.74 42.85 46.53 54.19 58.34 59.96 63.95 64.34 63.12 62.41 64.02 64.80 62.26 59.74 58.66 56.98 56.12 54.33 52.14 55.86 63.73 67.82 62.89 65.96 59.38 56.88 52.65 51.85 49.66 38.06 24.54 10.20 -2.52 -2.94 -5.24 5.52 17.52 7.41 -2.23 -5.10 -5.25 -3.85 -7.87 -0.24 3.76
206.70 193.62 189.31 186.26 177.50 168.33 160.68 150.68 137.18 131.52 136.28 145.51 153.04 169.17 185.11 193.93 185.17 163.44 140.13 115.06 89.45 68.75 59.16 52.79 45.60 39.47 38.43 44.82 46.88 42.09 42.07 49.62 57.86 63.22 64.52 67.48 67.50 67.65 66.79 67.54 67.08 63.46 59.96 60.35 60.05 56.77 52.20 51.45 53.48 59.03 59.98 63.06 70.79 63.35 58.96 54.69 55.31 52.37 33.76 15.65 1.96 -6.20 -2.09 -0.40 5.67 15.28 6.54 -4.14 -6.99 -4.96 -5.86 -3.19 4.90 9.32
198.11 186.91 183.05 178.10 173.64 168.83 157.16 145.80 136.96 129.97 128.94 137.06 152.74 176.11 189.06 185.34 167.24 143.07 121.12 98.32 76.33 59.52 53.01 46.28 37.43 35.23 35.87 39.54 43.93 45.07 47.91 55.85 61.30 64.16 65.90 68.55 68.60 71.01 68.68 67.68 66.62 67.02 66.57 62.17 60.16 59.66 54.02 52.03 52.80 49.13 52.11 59.17 63.73 65.12 63.82 59.95 56.90 48.52 29.19 13.48 1.13 -3.23 -0.89 0.16 0.27 8.53 6.00 -6.80 -10.94 -12.73 -0.11 3.15 6.79 13.22
184.16 174.11 169.94 170.58 169.96 164.58 153.24 140.25 135.11 128.43 123.74 131.00 152.46 175.20 185.83 176.54 151.02 125.28 105.46 85.73 67.66 53.91 46.82 39.22 31.37 29.15 31.24 33.11 38.34 44.95 56.68 64.60 69.02 65.77 63.36 68.08 69.78 68.68 66.48 68.80 68.01 69.43 70.78 69.11 64.30 59.60 53.60 50.20 49.95 50.60 54.57 57.33 61.14 63.47 66.34 61.53 54.87 44.11 25.44 13.83 5.77 -1.63 0.02 0.70 -2.18 -2.57 -4.20 -9.62 -6.51 0.19 5.07 6.67 10.95 15.53
172.26 161.35 156.67 157.53 159.69 157.88 150.37 143.08 132.09 125.93 124.36 128.91 146.62 163.98 168.35 156.21 133.09 109.78 91.04 73.65 60.64 50.44 43.43 33.33 24.70 25.73 31.26 35.40 36.29 41.15 53.90 62.30 68.01 69.42 66.09 64.60 63.33 62.07 60.28 62.79 66.96 70.62 71.01 72.36 68.38 58.87 55.63 53.71 49.85 53.90 56.72 57.76 58.80 62.93 60.89 54.86 46.80 33.71 16.67 8.35 5.95 1.26 3.36 4.02 -4.12 -8.69 -6.34 -9.99 -9.78 0.26 4.91 9.00 13.80 15.49
165.58 154.75 145.83 144.28 148.39 149.72 143.27 143.08 133.12 122.76 122.77 126.76 138.69 149.72 148.08 135.24 116.01 97.37 79.91 68.26 60.49 47.69 37.40 31.08 29.05 28.21 32.72 35.69 38.60 43.21 56.94 65.98 70.55 65.90 66.34 65.20 65.33 65.56 61.69 60.76 63.62 67.85 67.45 67.52 68.87 65.59 56.59 51.13 51.86 53.04 56.70 58.35 58.19 57.70 52.60 47.22 33.25 18.29 9.05 3.61 -2.61 -0.84 1.53 -1.27 -8.47 -8.84 -5.01 -8.84 -8.92 -0.10 6.49 14.78 15.96 21.10
158.84 150.14 143.78 141.13 142.60 137.47 127.78 130.68 129.88 122.65 119.64 120.86 128.55 133.63 129.60 118.63 99.53 79.14 64.65 60.60 55.94 44.47 35.26 31.42 33.20 32.36 35.21 40.59 39.61 49.42 61.24 64.44 64.70 67.03 70.31 72.66 71.81 67.60 62.39 61.71 67.81 71.05 70.64 69.89 68.21 65.10 60.67 55.09 54.03 52.63 52.15 53.83 51.89 49.20 43.60 37.54 26.84 11.59 5.10 5.18 -0.79 1.96 7.85 -0.31 -9.25 -9.45 -8.01 -10.81 -10.62 -4.81 10.60 24.23 22.89 26.32
153.47 146.66 136.56 133.16 137.73 134.43 118.19 121.73 116.66 112.23 113.02 116.51 118.78 118.93 112.06 101.21 86.72 66.14 51.20 50.07 49.42 40.62 33.26 30.40 35.19 38.78 46.42 42.36 43.92 58.52 68.32 71.94 72.12 78.20 76.12 75.17 74.54 63.21 57.12 57.54 64.14 61.92 57.25 55.55 58.02 60.41 61.39 59.10 55.58 52.42 51.36 49.80 44.87 40.21 37.66 30.14 17.97 5.63 5.50 11.21 4.55 -4.95 0.21 -7.15 -6.20 -6.16 -12.48 -12.65 -12.10 -6.90 5.87 16.27 19.98 24.46
132.43 129.24 125.70 126.92 126.19 123.60 114.15 111.12 103.94 103.32 105.26 108.86 110.81 109.07 99.38 88.75 78.25 64.57 51.67 44.92 41.98 37.86 35.18 35.97 41.03 46.30 52.64 48.19 56.45 73.88 81.75 77.63 76.27 77.37 77.75 77.87 77.38 68.36 57.92 55.29 54.96 54.38 49.80 43.58 51.64 56.68 58.11 59.69 57.49 55.25 51.31 44.09 41.30 37.04 30.31 25.66 16.71 4.69 3.43 12.55 -4.74 -5.38 5.13 -6.10 -3.41 -2.37 -11.36 -14.53 -14.26 -4.51 8.37 14.83 18.22 19.53
127.19 125.93 118.02 119.25 118.20 113.14 109.91 103.20 96.57 95.36 99.50 99.71 100.27 100.19 92.86 83.42 75.16 61.99 48.19 40.42 37.92 38.01 38.99 46.28 51.94 52.42 55.29 56.82 70.05 82.19 86.03 85.46 87.79 84.61 74.94 68.09 57.88 59.82 57.53 56.43 52.06 50.70 51.13 49.25 53.17 55.19 56.41 58.73 56.42 51.75 47.66 43.15 40.07 34.64 26.86 24.58 22.35 8.56 3.85 -3.17 -12.24 3.29 2.27 -0.65 -4.73 -2.39 -10.10 -11.40 -11.96 -3.99 6.80 14.40 20.21 22.33
132.43 128.17 119.85 114.80 112.37 107.26 101.25 94.74 88.81 86.88 88.78 89.57 90.03 92.33 86.61 76.79 66.47 53.56 41.83 34.37 33.99 36.38 40.04 53.20 63.99 60.98 61.40 67.28 85.95 87.79 88.87 96.07 88.33 76.82 75.81 70.88 59.82 46.40 50.36 51.48 44.45 43.62 50.50 52.71 52.50 49.32 50.56 54.68 52.63 48.46 45.37 40.48 36.46 30.74 27.61 30.02 27.80 4.30 -6.66 -9.74 0.86 7.09 7.16 10.26 4.45 3.92 -2.53 -7.44 -7.67 -2.46 7.19 11.16 18.52 22.29
126.26 117.89 114.79 106.72 102.48 99.68 93.65 88.98 81.18 78.77 79.85 80.46 80.15 80.40 76.18 70.89 61.72 47.88 34.86 31.35 33.81 35.90 44.73 57.82 66.75 64.89 67.67 85.30 98.85 96.96 99.65 93.03 79.35 69.68 62.78 61.87 53.99 41.22 44.28 52.02 50.94 47.43 51.23 44.70 43.26 42.00 46.10 49.79 48.09 45.52 43.69 33.29 26.04 21.22 21.82 23.73 15.47 -2.94 -16.37 -11.73 1.72 1.58 7.66 13.42 16.33 14.95 8.67 2.40 0.02 -2.99 6.67 16.06 19.21 23.60
119.36 117.60 111.72 100.62 95.27 91.89 88.59 83.22 74.35 70.75 70.13 72.66 71.73 69.91 67.99 62.30 52.48 44.30 32.69 27.86 30.95 34.15 43.35 56.70 66.46 73.43 82.02 97.60 102.77 96.34 94.54 86.72 83.14 72.36 61.13 45.49 42.89 34.99 29.51 33.05 46.07 46.06 45.27 38.24 33.13 36.28 43.17 44.92 46.26 41.82 35.61 26.91 14.25 7.36 7.65 5.13 -0.96 -3.74 -3.87 7.79 13.35 6.89 12.16 15.24 14.64 17.70 10.89 6.35 4.86 1.83 10.45 16.92 19.46 24.14
113.12 109.40 102.11 93.75 87.09 83.87 78.83 74.44 69.46 65.60 65.56 68.24 67.58 67.47 61.82 55.71 46.59 34.77 27.76 27.00 27.26 32.02 41.90 53.89 66.98 76.60 87.35 88.72 89.07 83.86 71.33 63.20 67.43 74.20 62.85 33.86 35.90 31.06 26.79 21.03 33.28 40.90 37.57 36.68 38.52 40.10 40.46 42.46 41.59 37.78 31.09 21.25 8.14 3.00 8.36 -9.99 -6.22 4.04 5.36 16.38 10.69 -2.36 4.21 2.28 5.44 5.01 -0.54 -4.04 2.69 3.64 12.99 17.54 21.52 24.27
