decompensative_anomalies.grd
DSAA
         561         521
    -2800.000000     2800.000000
    -2600.000000     2600.000000
        -347         271
[rows 320 to 351 of 521, columns 142 to 212 of 561]
-2.977 -3.925 -4.477 -4.285 -3.454 -2.490 -2.037 -2.487 -3.614 -4.538 -4.162 -1.858 2.053 6.385 9.759 11.428 11.690 11.537 11.853 12.865 14.219 15.423 16.185 16.461 16.379 16.161 16.022 16.035 16.066 15.808 14.882 12.991 10.185 7.084 4.759 4.155 5.477 8.063 10.871 13.050 14.203 14.332 13.671 12.553 11.331 10.292 9.559 9.088 8.755 8.476 8.197 7.775 6.952 5.518 3.506 1.173 -1.222 -3.583 -5.908 -8.061 -9.726 -10.660 -10.955 -10.937 -10.801 -10.496 -10.003 -9.557 -9.480 -9.898 -10.702
-2.043 -2.388 -2.475 -2.001 -1.113 -0.377 -0.460 -1.667 -3.543 -4.930 -4.589 -2.025 2.118 6.418 9.542 10.981 11.212 11.217 11.761 12.965 14.405 15.544 16.084 16.053 15.700 15.360 15.298 15.567 15.951 16.047 15.418 13.754 11.111 8.100 5.777 5.081 6.235 8.614 11.217 13.213 14.207 14.180 13.349 12.049 10.657 9.492 8.708 8.273 8.038 7.866 7.658 7.262 6.430 4.929 2.707 -0.062 -3.108 -6.184 -9.045 -11.345 -12.694 -12.917 -12.288 -11.398 -10.741 -10.457 -10.452 -10.631 -10.966 -11.459 -12.169
-1.492 -0.971 -0.258 0.769 1.831 2.318 1.637 -0.307 -2.773 -4.372 -3.855 -0.992 3.197 7.128 9.639 10.565 10.594 10.671 11.406 12.779 14.283 15.339 15.670 15.381 14.825 14.409 14.425 14.905 15.591 16.031 15.747 14.399 11.999 9.101 6.718 5.812 6.682 8.798 11.207 13.079 13.981 13.858 12.902 11.443 9.868 8.518 7.588 7.088 6.887 6.820 6.739 6.474 5.799 4.478 2.365 -0.506 -3.943 -7.613 -11.067 -13.749 -15.142 -15.039 -13.771 -12.098 -10.779 -10.181 -10.236 -10.676 -11.272 -11.964 -12.883
-0.893 0.554 2.162 3.786 4.975 5.110 3.781 1.208 -1.552 -2.968 -1.955 1.292 5.360 8.602 10.177 10.337 9.982 10.004 10.833 12.315 13.869 14.894 15.128 14.733 14.112 13.698 13.780 14.391 15.274 15.973 15.996 14.968 12.830 10.043 7.553 6.346 6.836 8.628 10.837 12.613 13.467 13.295 12.268 10.703 8.974 7.424 6.287 5.646 5.428 5.468 5.561 5.496 5.065 4.054 2.258 -0.439 -3.963 -7.969 -11.867 -14.941 -16.550 -16.395 -14.763 -12.482 -10.496 -9.390 -9.201 -9.630 -10.391 -11.407 -12.798
0.255 2.457 4.748 6.732 7.813 7.430 5.436 2.429 -0.236 -1.020 0.801 4.491 8.281 10.612 11.075 10.356 9.527 9.390 10.215 11.740 13.344 14.408 14.673 14.315 13.750 13.400 13.542 14.213 15.182 16.015 16.234 15.452 13.550 10.880 8.287 6.750 6.802 8.208 10.177 11.842 12.647 12.447 11.399 9.805 7.999 6.294 4.948 4.121 3.828 3.927 4.169 4.296 4.119 3.461 2.080 -0.274 -3.648 -7.704 -11.760 -15.000 -16.721 -16.558 -14.718 -11.998 -9.434 -7.782 -7.230 -7.556 -8.503 -9.986 -12.037
2.214 4.794 7.300 9.186 9.811 8.742 6.139 2.970 0.813 1.054 3.893 8.014 11.410 12.767 12.158 10.639 9.363 9.024 9.765 11.273 12.924 14.087 14.471 14.224 13.753 13.474 13.651 14.326 15.284 16.123 16.399 15.752 14.042 11.517 8.891 7.087 6.718 7.707 9.371 10.851 11.551 11.305 10.273 8.734 6.960 5.202 3.706 2.689 2.243 2.268 2.514 2.720 2.737 2.427 1.500 -0.426 -3.506 -7.387 -11.283 -14.320 -15.832 -15.489 -13.448 -10.415 -7.407 -5.289 -4.412 -4.699 -5.953 -8.046 -10.871
4.840 7.297 9.418 10.667 10.495 8.660 5.612 2.609 1.319 2.827 6.730 11.201 14.171 14.686 13.259 11.181 9.586 9.042 9.618 11.021 12.687 13.979 14.533 14.419 14.017 13.754 13.908 14.522 15.388 16.126 16.338 15.725 14.161 11.822 9.281 7.354 6.672 7.269 8.569 9.760 10.255 9.907 8.897 7.477 5.843 4.158 2.623 1.459 0.790 0.559 0.574 0.653 0.739 0.730 0.263 -1.201 -3.916 -7.471 -10.941 -13.416 -14.351 -13.577 -11.274 -8.030 -4.749 -2.326 -1.257 -1.625 -3.302 -6.093 -9.717
7.594 9.419 10.590 10.755 9.585 7.069 3.866 1.374 1.181 3.979 8.808 13.507 16.128 16.103 14.261 11.956 10.212 9.473 9.782 10.942 12.516 13.911 14.664 14.707 14.348 14.033 14.084 14.569 15.282 15.860 15.946 15.304 13.846 11.713 9.362 7.484 6.652 6.941 7.860 8.674 8.862 8.338 7.312 6.019 4.580 3.073 1.634 0.423 -0.471 -1.086 -1.512 -1.772 -1.777 -1.589 -1.656 -2.677 -5.001 -8.145 -11.031 -12.720 -12.843 -11.472 -8.885 -5.564 -2.244 0.246 1.331 0.789 -1.331 -4.781 -9.118
9.696 10.489 10.349 9.229 7.109 4.197 1.237 -0.437 0.523 4.405 9.869 14.666 17.100 16.929 15.110 12.904 11.171 10.253 10.202 10.950 12.257 13.637 14.565 14.794 14.500 14.110 14.008 14.317 14.857 15.276 15.240 14.551 13.159 11.210 9.095 7.389 6.565 6.666 7.245 7.657 7.482 6.708 5.585 4.342 3.063 1.777 0.549 -0.566 -1.581 -2.555 -3.470 -4.164 -4.390 -4.152 -3.960 -4.635 -6.601 -9.316 -11.580 -12.444 -11.721 -9.753 -6.966 -3.779 -0.731 1.510 2.393 1.612 -0.872 -4.805 -9.629
10.412 9.974 8.466 6.186 3.432 0.566 -1.736 -2.396 -0.415 4.184 9.927 14.713 17.152 17.202 15.766 13.907 12.314 11.265 10.829 11.054 11.901 13.070 14.053 14.457 14.274 13.849 13.600 13.732 14.120 14.434 14.332 13.614 12.255 10.429 8.520 7.026 6.307 6.328 6.649 6.705 6.172 5.104 3.780 2.446 1.206 0.096 -0.865 -1.741 -2.684 -3.808 -5.034 -6.067 -6.535 -6.383 -6.127 -6.627 -8.335 -10.679 -12.402 -12.576 -11.167 -8.759 -5.958 -3.172 -0.748 0.892 1.331 0.249 -2.475 -6.620 -11.576
9.375 7.734 5.101 2.072 -0.817 -3.164 -4.508 -4.147 -1.437 3.444 9.142 13.850 16.455 16.975 16.143 14.780 13.434 12.353 11.621 11.338 11.617 12.370 13.219 13.711 13.654 13.250 12.897 12.878 13.154 13.425 13.329 12.626 11.285 9.519 7.739 6.412 5.805 5.799 5.940 5.722 4.890 3.532 1.930 0.363 -0.995 -2.041 -2.759 -3.302 -3.945 -4.890 -6.076 -7.173 -7.771 -7.773 -7.637 -8.161 -9.761 -11.867 -13.251 -13.035 -11.279 -8.728 -6.155 -4.008 -2.468 -1.684 -1.867 -3.286 -6.106 -10.154 -14.831
6.772 4.137 0.816 -2.406 -4.904 -6.375 -6.667 -5.481 -2.438 2.314 7.713 12.301 15.151 16.237 16.083 15.287 14.285 13.318 12.471 11.834 11.588 11.829 12.378 12.824 12.847 12.481 12.057 11.904 12.081 12.342 12.302 11.662 10.356 8.610 6.868 5.598 5.018 4.955 4.948 4.531 3.489 1.903 0.031 -1.828 -3.413 -4.517 -5.075 -5.263 -5.430 -5.871 -6.619 -7.430 -7.954 -8.086 -8.184 -8.899 -10.551 -12.610 -13.965 -13.809 -12.210 -9.936 -7.845 -6.432 -5.788 -5.848 -6.633 -8.321 -11.068 -14.734 -18.784
3.287 -0.035 -3.564 -6.456 -8.165 -8.603 -7.956 -6.258 -3.278 1.001 5.894 10.276 13.329 14.933 15.423 15.213 14.642 13.939 13.183 12.425 11.844 11.654 11.861 12.155 12.168 11.803 11.298 11.002 11.057 11.288 11.311 10.768 9.530 7.796 6.016 4.664 3.958 3.724 3.528 2.945 1.773 0.062 -1.978 -4.061 -5.863 -7.078 -7.560 -7.433 -7.052 -6.781 -6.796 -7.020 -7.249 -7.410 -7.752 -8.737 -10.569 -12.791 -14.472 -14.893 -14.034 -12.514 -11.117 -10.346 -10.302 -10.870 -11.990 -13.758 -16.267 -19.372 -22.626
-0.193 -3.878 -7.218 -9.435 -10.182 -9.643 -8.287 -6.378 -3.750 -0.190 3.992 7.981 11.056 13.018 14.054 14.420 14.345 14.018 13.512 12.854 12.198 11.798 11.765 11.887 11.812 11.384 10.777 10.323 10.223 10.376 10.429 9.982 8.833 7.116 5.244 3.686 2.684 2.118 1.623 0.828 -0.452 -2.198 -4.261 -6.395 -8.270 -9.532 -9.954 -9.570 -8.671 -7.651 -6.821 -6.306 -6.081 -6.138 -6.635 -7.859 -9.915 -12.448 -14.740 -16.164 -16.542 -16.182 -15.603 -15.238 -15.298 -15.836 -16.884 -18.504 -20.685 -23.226 -25.756
-2.901 -6.661 -9.567 -10.997 -10.855 -9.564 -7.767 -5.858 -3.714 -1.000 2.271 5.597 8.411 10.507 11.960 12.873 13.325 13.423 13.237 12.816 12.310 11.955 11.867 11.878 11.691 11.172 10.467 9.876 9.618 9.656 9.683 9.292 8.217 6.514 4.530 2.695 1.273 0.218 -0.737 -1.873 -3.330 -5.097 -7.065 -9.053 -10.782 -11.918 -12.210 -11.601 -10.282 -8.621 -7.026 -5.803 -5.092 -4.943 -5.447 -6.759 -8.935 -11.756 -14.737 -17.349 -19.230 -20.265 -20.553 -20.363 -20.077 -20.099 -20.721 -22.040 -23.920 -26.059 -28.118
-4.401 -8.002 -10.370 -11.093 -10.309 -8.592 -6.628 -4.849 -3.203 -1.350 0.881 3.287 5.547 7.532 9.253 10.650 11.615 12.122 12.236 12.080 11.839 11.706 11.728 11.727 11.470 10.891 10.144 9.491 9.132 9.059 9.014 8.613 7.565 5.861 3.768 1.657 -0.227 -1.871 -3.436 -5.084 -6.863 -8.711 -10.536 -12.217 -13.576 -14.380 -14.422 -13.602 -12.003 -9.924 -7.811 -6.091 -5.011 -4.637 -4.979 -6.103 -8.093 -10.922 -14.371 -18.042 -21.403 -23.890 -25.095 -25.043 -24.286 -23.638 -23.732 -24.748 -26.449 -28.422 -30.315
-4.614 -7.865 -9.668 -9.839 -8.707 -6.892 -5.018 -3.485 -2.322 -1.283 -0.121 1.222 2.714 4.379 6.210 7.997 9.412 10.261 10.586 10.610 10.602 10.722 10.926 10.996 10.746 10.182 9.485 8.885 8.531 8.406 8.283 7.822 6.748 5.025 2.852 0.519 -1.775 -4.000 -6.226 -8.486 -10.692 -12.689 -14.352 -15.617 -16.433 -16.728 -16.420 -15.427 -13.752 -11.589 -9.353 -7.502 -6.301 -5.753 -5.756 -6.323 -7.644 -9.962 -13.370 -17.643 -22.145 -25.930 -28.117 -28.467 -27.607 -26.657 -26.509 -27.426 -29.135 -31.179 -33.198
-3.716 -6.440 -7.651 -7.380 -6.097 -4.413 -2.832 -1.679 -1.047 -0.804 -0.685 -0.422 0.221 1.443 3.259 5.337 7.126 8.221 8.616 8.637 8.678 8.922 9.263 9.434 9.257 8.784 8.227 7.794 7.575 7.498 7.342 6.817 5.699 3.960 1.756 -0.697 -3.261 -5.917 -8.676 -11.455 -14.033 -16.136 -17.579 -18.333 -18.477 -18.140 -17.423 -16.335 -14.839 -13.014 -11.154 -9.631 -8.615 -7.975 -7.492 -7.163 -7.340 -8.568 -11.260 -15.392 -20.335 -24.951 -28.074 -29.259 -29.072 -28.657 -28.929 -30.158 -32.131 -34.489 -36.927
-1.991 -4.003 -4.555 -3.847 -2.452 -0.960 0.222 0.846 0.800 0.162 -0.764 -1.539 -1.712 -0.943 0.818 3.135 5.241 6.493 6.792 6.562 6.365 6.490 6.833 7.080 7.013 6.678 6.310 6.116 6.127 6.200 6.089 5.546 4.414 2.696 0.533 -1.909 -4.542 -7.360 -10.342 -13.330 -16.004 -17.992 -19.048 -19.155 -18.511 -17.443 -16.265 -15.134 -14.036 -12.939 -11.931 -11.157 -10.587 -9.947 -8.953 -7.640 -6.500 -6.297 -7.680 -10.821 -15.227 -19.847 -23.543 -25.816 -27.041 -28.063 -29.514 -31.551 -34.091 -37.022 -40.187
0.235 -0.896 -0.709 0.487 2.067 3.435 4.212 4.182 3.263 1.584 -0.433 -2.181 -3.061 -2.653 -0.905 1.654 4.052 5.405 5.481 4.778 4.060 3.809 3.998 4.271 4.315 4.123 3.932 3.962 4.216 4.482 4.480 3.987 2.901 1.268 -0.774 -3.083 -5.589 -8.285 -11.119 -13.893 -16.242 -17.747 -18.130 -17.390 -15.820 -13.905 -12.158 -10.922 -10.271 -10.093 -10.203 -10.404 -10.410 -9.866 -8.540 -6.538 -4.389 -2.880 -2.734 -4.264 -7.220 -10.884 -14.454 -17.563 -20.365 -23.212 -26.244 -29.396 -32.715 -36.401 -40.502
2.590 2.434 3.374 5.060 6.872 8.195 8.601 7.854 5.934 3.121 0.030 -2.569 -3.988 -3.798 -1.991 0.819 3.504 4.968 4.826 3.593 2.224 1.442 1.359 1.595 1.713 1.607 1.498 1.635 2.025 2.428 2.534 2.130 1.150 -0.338 -2.197 -4.300 -6.568 -8.960 -11.377 -13.585 -15.212 -15.849 -15.240 -13.425 -10.767 -7.859 -5.370 -3.832 -3.463 -4.106 -5.286 -6.407 -6.936 -6.545 -5.175 -3.018 -0.510 1.745 3.131 3.284 2.199 0.162 -2.511 -5.730 -9.527 -13.791 -18.171 -22.344 -26.410 -30.805 -35.772
4.659 5.433 7.015 9.063 11.011 12.244 12.266 10.812 7.947 4.141 0.201 -2.985 -4.711 -4.595 -2.692 0.334 3.291 4.957 4.790 3.233 1.340 0.046 -0.369 -0.265 -0.177 -0.318 -0.506 -0.465 -0.143 0.238 0.365 0.032 -0.819 -2.125 -3.773 -5.655 -7.674 -9.724 -11.633 -13.122 -13.819 -13.363 -11.557 -8.508 -4.642 -0.622 2.775 4.852 5.233 4.091 2.166 0.435 -0.370 -0.034 1.245 3.159 5.425 7.725 9.678 10.982 11.500 11.180 9.892 7.384 3.579 -1.173 -6.196 -10.945 -15.460 -20.261 -25.708
6.019 7.540 9.540 11.697 13.529 14.469 14.018 11.937 8.406 4.045 -0.251 -3.595 -5.340 -5.177 -3.203 -0.062 3.110 5.090 5.209 3.745 1.690 0.067 -0.692 -0.853 -0.957 -1.285 -1.714 -1.970 -1.949 -1.806 -1.808 -2.148 -2.890 -4.006 -5.438 -7.113 -8.916 -10.665 -12.105 -12.911 -12.714 -11.199 -8.232 -3.986 1.058 6.184 10.540 13.309 13.999 12.785 10.609 8.743 8.070 8.671 10.066 11.772 13.577 15.412 17.170 18.749 20.086 21.021 21.141 19.869 16.912 12.589 7.679 2.887 -1.685 -6.486 -11.911
6.294 8.299 10.451 12.431 13.847 14.236 13.210 10.664 6.912 2.630 -1.368 -4.355 -5.820 -5.518 -3.542 -0.437 2.820 5.125 5.762 4.800 3.012 1.335 0.276 -0.271 -0.715 -1.323 -2.053 -2.704 -3.146 -3.429 -3.722 -4.169 -4.847 -5.786 -7.002 -8.473 -10.068 -11.544 -12.581 -12.829 -11.940 -9.631 -5.802 -0.650 5.315 11.342 16.536 20.029 21.278 20.460 18.612 17.168 17.109 18.435 20.428 22.356 23.907 25.100 26.081 27.075 28.312 29.767 30.938 30.980 29.289 25.947 21.655 17.192 12.842 8.319 3.263
5.238 7.464 9.530 11.113 11.901 11.584 9.987 7.229 3.756 0.181 -2.928 -5.127 -6.085 -5.597 -3.694 -0.783 2.369 4.851 5.999 5.718 4.491 3.014 1.757 0.799 -0.022 -0.872 -1.811 -2.795 -3.728 -4.537 -5.227 -5.855 -6.505 -7.274 -8.259 -9.491 -10.838 -12.016 -12.678 -12.496 -11.166 -8.442 -4.219 1.342 7.767 14.324 20.131 24.329 26.388 26.464 25.556 25.085 26.068 28.518 31.594 34.293 36.011 36.668 36.599 36.444 36.881 38.179 39.882 40.973 40.536 38.333 34.857 30.864 26.792 22.561 17.914
2.809 5.034 6.843 7.921 8.040 7.071 5.091 2.453 -0.324 -2.791 -4.707 -5.944 -6.331 -5.663 -3.884 -1.259 1.632 4.084 5.551 5.871 5.270 4.143 2.830 1.553 0.439 -0.519 -1.490 -2.646 -3.978 -5.290 -6.390 -7.214 -7.836 -8.414 -9.125 -10.047 -11.063 -11.884 -12.178 -11.673 -10.145 -7.392 -3.284 2.119 8.473 15.161 21.375 26.313 29.463 30.916 31.497 32.444 34.740 38.500 42.921 46.776 49.065 49.449 48.384 46.937 46.286 47.033 48.825 50.562 51.106 49.924 47.244 43.701 39.802 35.664 31.200
-0.759 1.294 2.744 3.318 2.890 1.510 -0.528 -2.730 -4.609 -5.937 -6.768 -7.199 -7.142 -6.358 -4.704 -2.333 0.308 2.660 4.300 5.070 5.027 4.302 3.070 1.630 0.359 -0.595 -1.480 -2.681 -4.286 -6.000 -7.439 -8.415 -8.977 -9.323 -9.684 -10.193 -10.776 -11.180 -11.124 -10.416 -8.921 -6.485 -2.932 1.832 7.685 14.208 20.725 26.493 30.987 34.171 36.602 39.228 42.929 47.966 53.703 58.812 61.924 62.384 60.677 58.228 56.634 56.781 58.419 60.438 61.599 61.174 59.152 55.981 52.135 47.861 43.262
-4.996 -3.248 -2.207 -2.062 -2.820 -4.296 -6.090 -7.704 -8.789 -9.321 -9.517 -9.538 -9.279 -8.455 -6.862 -4.583 -1.993 0.428 2.317 3.522 4.006 3.722 2.703 1.269 -0.053 -0.993 -1.832 -3.079 -4.885 -6.884 -8.565 -9.641 -10.126 -10.212 -10.154 -10.141 -10.184 -10.123 -9.765 -9.000 -7.760 -5.910 -3.193 0.672 5.815 12.047 18.834 25.476 31.403 36.416 40.787 45.148 50.225 56.385 63.206 69.413 73.429 74.341 72.579 69.738 67.661 67.415 68.860 70.940 72.411 72.454 70.904 68.034 64.210 59.705 54.748
-9.323 -7.997 -7.386 -7.564 -8.442 -9.780 -11.207 -12.352 -13.032 -13.327 -13.446 -13.463 -13.202 -12.353 -10.700 -8.296 -5.469 -2.678 -0.291 1.507 2.609 2.863 2.207 0.933 -0.381 -1.387 -2.329 -3.720 -5.710 -7.910 -9.768 -10.954 -11.419 -11.291 -10.802 -10.202 -9.633 -9.088 -8.495 -7.814 -6.992 -5.842 -3.991 -0.977 3.529 9.504 16.523 23.927 31.106 37.733 43.849 49.817 56.177 63.291 70.905 77.917 82.785 84.487 83.326 80.828 78.843 78.514 79.833 81.890 83.504 83.830 82.612 80.005 76.263 71.593 66.252
-13.248 -12.453 -12.287 -12.709 -13.590 -14.745 -15.936 -16.958 -17.729 -18.298 -18.726 -18.937 -18.698 -17.735 -15.882 -13.177 -9.907 -6.511 -3.395 -0.815 1.055 1.988 1.842 0.847 -0.434 -1.592 -2.762 -4.362 -6.508 -8.847 -10.884 -12.279 -12.888 -12.702 -11.882 -10.731 -9.560 -8.558 -7.801 -7.291 -6.916 -6.361 -5.105 -2.572 1.631 7.518 14.713 22.609 30.626 38.393 45.832 53.128 60.616 68.538 76.700 84.232 89.832 92.540 92.505 90.982 89.595 89.449 90.700 92.691 94.402 94.982 94.077 91.747 88.168 83.477 77.880
-16.467 -16.298 -16.592 -17.242 -18.160 -19.287 -20.544 -21.838 -23.078 -24.168 -24.976 -25.304 -24.934 -23.702 -21.530 -18.456 -14.703 -10.663 -6.773 -3.355 -0.659 1.023 1.469 0.819 -0.404 -1.724 -3.118 -4.861 -7.055 -9.463 -11.712 -13.469 -14.453 -14.461 -13.532 -12.002 -10.354 -8.988 -8.129 -7.789 -7.733 -7.461 -6.313 -3.699 0.681 6.740 14.083 22.183 30.560 38.913 47.157 55.395 63.785 72.379 80.942 88.810 95.012 98.772 100.108 99.903 99.407 99.572 100.719 102.550 104.330 105.242 104.767 102.808 99.478 94.894 89.212
-18.903 -19.417 -20.198 -21.140 -22.255 -23.614 -25.240 -27.052 -28.863 -30.404 -31.393 -31.592 -30.876 -29.232 -26.687 -23.275 -19.142 -14.614 -10.122 -6.036 -2.657 -0.319 0.682 0.395 -0.712 -2.097 -3.567 -5.264 -7.323 -9.683 -12.136 -14.360 -15.918 -16.388 -15.648 -14.026 -12.134 -10.559 -9.652 -9.413 -9.458 -9.094 -7.560 -4.344 0.651 7.149 14.700 22.856 31.281 39.799 48.404 57.199 66.227 75.360 84.265 92.405 99.106 103.805 106.435 107.525 107.903 108.306 109.187 110.663 112.409 113.717 113.857 112.458 109.512 105.150 99.538
