decompensative_correction.grd
DSAA
         561         521
    -2800.000000     2800.000000
    -2600.000000     2600.000000
        -174         155
[rows 32 to 63 of 521, columns 432 to 503 of 561]
47.106 51.613 56.073 60.424 64.620 62.707 66.433 69.979 73.354 76.557 79.584 82.433 85.072 87.529 89.806 91.902 93.867 95.689 97.338 98.740 99.921 100.886 101.630 102.164 102.530 97.142 97.355 97.450 97.429 97.307 97.087 96.764 96.314 95.759 95.116 94.384 93.588 92.730 91.783 90.730 89.579 85.107 83.886 82.540 81.094 79.550 77.920 76.228 74.467 72.635 70.766 68.866 66.941 64.993 63.010 61.012 59.003 56.982 54.953 52.928 50.906 48.875 46.842 44.823 42.825 40.841 38.865 36.888 34.912 32.951 31.026 29.155
37.648 42.491 47.293 51.992 56.539 60.926 65.147 69.173 66.956 70.487 73.839 77.012 79.973 82.748 85.339 87.739 90.005 92.124 94.064 95.752 97.214 98.459 99.479 100.284 100.918 95.711 96.171 96.509 96.727 96.835 96.839 96.732 96.489 96.133 95.678 95.126 94.499 93.798 92.998 92.078 91.049 89.896 85.361 84.101 82.733 81.255 79.688 78.048 76.330 74.534 72.690 70.812 68.900 66.962 64.983 62.986 60.972 58.941 56.897 54.850 52.804 50.742 48.673 46.614 44.573 42.541 40.514 38.483 36.450 34.430 32.444 30.509
27.502 32.677 37.821 42.865 47.767 52.510 57.092 61.482 65.684 69.695 67.483 70.984 74.271 77.370 80.281 82.997 85.573 87.997 90.240 92.224 93.978 95.514 96.822 97.912 98.827 93.844 94.563 95.157 95.625 95.979 96.219 96.341 96.320 96.176 95.923 95.562 95.116 94.582 93.940 93.167 92.270 91.238 90.066 88.746 84.178 82.781 81.286 79.710 78.047 76.300 74.495 72.648 70.763 68.846 66.882 64.893 62.884 60.851 58.798 56.740 54.676 52.590 50.491 48.398 46.320 44.245 42.172 40.092 38.007 35.932 33.887 31.893
16.766 22.265 27.743 33.130 38.380 43.477 48.416 53.165 57.730 62.103 66.283 70.258 74.000 71.434 74.671 77.709 80.603 83.343 85.898 88.190 90.248 92.085 93.694 95.083 96.293 91.574 92.564 93.426 94.157 94.767 95.257 95.623 95.834 95.914 95.877 95.721 95.467 95.114 94.643 94.029 93.278 92.378 91.326 90.119 88.782 84.157 82.744 81.243 79.649 77.961 76.207 74.403 72.554 70.666 68.726 66.755 64.755 62.729 60.677 58.613 56.536 54.432 52.309 50.188 48.077 45.966 43.852 41.727 39.594 37.468 35.369 33.317
5.492 11.302 17.104 22.825 28.415 33.858 39.148 44.252 49.173 53.907 58.448 62.785 66.889 70.784 74.471 71.882 75.102 78.166 81.040 83.651 86.023 88.172 90.092 91.792 93.311 88.899 90.172 91.313 92.318 93.196 93.945 94.564 95.022 95.340 95.531 95.590 95.542 95.384 95.095 94.652 94.058 93.303 92.386 91.299 90.076 88.712 87.228 82.634 81.119 79.501 77.806 76.056 74.253 72.404 70.497 68.552 66.572 64.559 62.513 60.451 58.371 56.257 54.119 51.976 49.839 47.697 45.547 43.382 41.206 39.034 36.886 34.781
-6.268 -0.161 5.951 11.994 17.914 23.694 29.326 34.777 40.051 45.142 50.041 54.739 59.205 63.462 67.512 71.343 75.006 72.490 75.692 78.627 81.324 83.797 86.037 88.057 89.896 85.833 87.401 88.832 90.120 91.275 92.296 93.179 93.895 94.461 94.892 95.181 95.349 95.397 95.301 95.040 94.616 94.018 93.248 92.297 91.198 89.952 88.574 87.089 82.471 80.933 79.310 77.623 75.876 74.074 72.207 70.296 68.344 66.352 64.322 62.268 60.191 58.074 55.926 53.768 51.611 49.443 47.264 45.065 42.853 40.640 38.449 36.297
-18.444 -12.058 -5.653 0.694 6.930 13.034 18.997 24.787 30.406 35.847 41.101 46.155 50.979 55.597 60.011 64.206 68.233 72.081 75.719 73.135 76.164 78.968 81.539 83.889 86.056 82.386 84.256 85.986 87.567 89.008 90.310 91.467 92.450 93.273 93.953 94.480 94.875 95.138 95.247 95.179 94.937 94.509 93.899 93.095 92.135 91.018 89.759 88.384 86.887 85.267 80.705 79.092 77.412 75.669 73.853 71.986 70.069 68.109 66.104 64.069 62.004 59.892 57.743 55.577 53.406 51.219 49.016 46.788 44.544 42.299 40.071 37.878
-30.963 -24.323 -17.646 -11.015 -4.483 1.928 8.207 14.322 20.277 26.057 31.656 37.060 42.237 47.214 51.987 56.548 60.940 65.154 69.157 72.877 70.549 73.690 76.601 79.290 81.795 84.155 80.742 82.779 84.660 86.396 87.988 89.427 90.688 91.779 92.715 93.491 94.124 94.613 94.936 95.072 95.023 94.778 94.338 93.695 92.886 91.911 90.783 89.531 88.148 86.632 85.014 83.309 78.864 77.191 75.434 73.620 71.751 69.831 67.858 65.850 63.805 61.706 59.563 57.396 55.218 53.018 50.797 48.547 46.278 44.006 41.747 39.521
-43.764 -36.898 -29.977 -23.086 -16.280 -9.584 -3.008 3.415 9.688 15.796 21.727 27.472 32.995 38.323 43.452 48.373 53.129 57.709 62.080 66.171 64.474 67.959 71.214 74.249 77.100 79.804 76.842 79.191 81.385 83.426 85.319 87.050 88.596 89.967 91.172 92.205 93.088 93.813 94.360 94.712 94.864 94.812 94.556 94.087 93.443 92.620 91.639 90.524 89.269 87.870 86.359 84.750 83.058 81.285 76.947 75.197 73.384 71.511 69.580 67.608 65.591 63.514 61.382 59.222 57.044 54.840 52.609 50.344 48.057 45.763 43.481 41.227
-56.730 -49.673 -42.539 -35.418 -28.367 -21.411 -14.562 -7.854 -1.284 5.131 11.381 17.452 23.312 28.984 34.463 39.740 44.857 49.801 54.541 59.004 57.991 61.822 65.428 68.815 72.017 69.782 72.602 75.271 77.777 80.128 82.326 84.358 86.197 87.854 81.073 82.145 83.069 92.747 93.530 94.106 94.472 94.623 94.559 94.272 93.804 93.146 92.319 91.351 90.234 88.964 87.572 86.071 84.481 82.801 81.019 79.164 74.959 73.145 71.265 69.334 67.354 65.305 63.195 61.050 58.879 56.677 54.444 52.172 49.873 47.565 45.264 42.986
-69.798 -62.588 -55.280 -47.963 -40.700 -33.516 -26.420 -19.454 -12.612 -5.911 0.636 7.018 13.199 19.201 25.022 30.648 36.120 41.425 46.531 51.367 51.084 55.266 59.224 62.966 66.524 64.852 67.997 70.989 73.815 76.479 78.988 81.327 83.463 77.728 79.232 80.557 81.723 82.727 83.550 84.176 84.602 94.187 94.327 94.233 93.949 93.466 92.805 91.993 91.025 89.896 88.637 87.259 85.782 84.206 82.518 80.749 78.896 76.968 72.887 71.008 69.072 67.059 64.981 62.858 60.705 58.513 56.283 54.011 51.707 49.389 47.073 44.775
-82.895 -75.581 -68.142 -60.675 -53.239 -45.862 -38.555 -31.358 -24.271 -17.310 -10.487 -3.816 2.668 8.986 15.134 21.099 26.918 32.577 38.046 43.252 43.746 48.277 52.588 56.686 60.601 64.372 63.003 66.319 69.468 72.451 75.276 77.926 73.351 75.297 77.069 78.655 80.072 81.316 82.370 83.220 83.862 84.292 84.508 93.943 93.856 93.560 93.076 92.433 91.626 90.651 89.537 88.297 86.948 85.488 83.905 82.231 80.464 78.612 76.676 74.674 70.736 68.769 66.728 64.636 62.507 60.333 58.115 55.848 53.544 51.221 48.895 46.584
-95.908 -88.544 -81.026 -73.455 -65.891 -58.363 -50.884 -43.494 -36.195 -29.003 -21.931 -14.994 -8.227 -1.612 4.848 11.136 17.289 23.296 29.121 34.692 36.005 40.882 45.545 49.998 54.271 58.402 62.364 61.285 64.760 68.065 71.207 74.171 70.317 72.543 74.589 76.444 78.121 79.617 80.911 81.992 82.859 83.505 83.931 84.127 93.526 93.431 93.139 92.678 92.046 91.238 90.282 89.192 87.982 86.653 85.186 83.618 81.947 80.182 78.325 76.391 74.383 72.282 68.444 66.391 64.295 62.145 59.945 57.691 55.394 53.071 50.740 48.418
-108.715 -101.358 -93.817 -86.195 -78.553 -70.921 -63.313 -55.771 -48.295 -40.905 -33.614 -26.438 -19.415 -12.525 -5.775 0.819 7.293 13.633 19.806 25.735 27.905 33.123 38.134 42.941 47.570 52.060 56.382 60.527 59.717 63.345 66.808 70.089 66.981 69.491 71.816 73.943 75.889 77.644 79.189 80.510 81.611 82.486 83.129 83.535 83.743 83.745 93.008 92.742 92.296 91.667 90.880 89.953 88.897 87.707 86.369 84.918 83.354 81.687 79.918 78.065 76.127 74.089 71.961 69.768 66.082 63.966 61.790 59.554 57.270 54.953 52.622 50.294
-121.198 -113.913 -106.411 -98.796 -91.133 -83.449 -75.761 -68.113 -60.505 -52.957 -45.482 -38.100 -30.852 -23.716 -16.700 -9.822 -3.046 3.614 10.122 16.399 19.461 25.013 30.364 35.517 40.497 45.342 50.022 54.527 54.335 58.288 62.073 65.672 63.333 66.131 68.738 71.142 73.361 75.386 77.191 78.762 80.105 81.216 82.087 82.714 83.134 83.340 83.353 92.604 92.356 91.915 91.310 90.555 89.665 88.630 87.435 86.113 84.669 83.110 81.441 79.677 77.819 75.852 73.787 71.648 69.449 67.182 63.630 61.419 59.152 56.847 54.521 52.193
-133.223 -126.082 -118.689 -111.149 -103.527 -95.852 -88.140 -80.438 -72.747 -65.085 -57.470 -49.920 -42.479 -35.128 -27.876 -20.738 -13.682 -6.721 0.103 6.713 10.699 16.575 22.257 27.748 33.072 38.265 43.296 48.158 52.829 52.896 57.005 56.088 59.375 62.463 65.355 68.040 70.537 72.834 74.908 76.738 78.332 79.686 80.794 81.650 82.293 82.713 82.932 82.974 92.205 91.965 91.550 90.978 90.264 89.396 88.357 87.177 85.864 84.425 82.866 81.202 79.434 77.547 75.553 73.477 71.331 69.109 66.813 64.442 61.014 58.727 56.412 54.089
-144.674 -137.755 -130.543 -123.150 -115.638 -108.036 -100.361 -92.664 -84.943 -77.217 -69.507 -61.833 -54.238 -46.707 -39.249 -31.881 -24.571 -17.334 -10.214 -3.289 1.644 7.829 13.832 19.651 25.311 30.845 36.220 41.430 46.453 51.282 51.602 51.521 55.102 58.483 61.662 64.630 67.406 69.984 72.332 74.432 76.286 77.892 79.246 80.341 81.215 81.860 82.296 82.545 82.607 91.812 91.601 91.223 90.694 90.002 89.131 88.106 86.934 85.628 84.189 82.634 80.966 79.170 77.256 75.251 73.168 70.999 68.746 66.412 64.009 61.557 58.297 55.986
-164.854 -148.799 -141.845 -134.673 -127.346 -119.888 -112.319 -104.689 -96.996 -89.260 -81.504 -73.752 -66.048 -58.377 -50.751 -43.187 -35.654 -28.170 -20.779 -14.286 -7.663 -1.187 5.121 11.256 17.241 23.107 28.819 34.371 39.740 44.916 42.573 46.657 50.530 54.201 57.670 60.925 63.985 66.843 69.473 71.849 73.972 75.838 77.445 78.789 79.905 80.785 81.447 81.915 82.188 82.259 91.463 91.290 90.958 90.455 89.760 88.902 87.884 86.720 85.413 83.979 82.422 80.725 78.902 76.978 74.964 72.855 70.655 68.365 65.999 63.574 61.112 58.631
-165.324 -168.885 -161.749 -145.598 -138.530 -131.293 -123.899 -116.403 -108.804 -101.121 -93.377 -85.601 -77.836 -70.070 -62.318 -54.596 -46.878 -39.179 -31.547 -24.065 -17.188 -10.440 -3.845 2.589 8.884 15.069 21.108 26.992 32.698 38.214 40.480 45.061 45.664 49.624 53.384 56.929 60.275 63.419 66.334 68.991 71.389 73.523 75.394 76.995 78.362 79.486 80.384 81.081 81.573 81.857 81.958 91.175 91.049 90.743 90.236 89.554 88.703 87.693 86.528 85.226 83.789 82.202 80.477 78.642 76.708 74.668 72.529 70.291 67.969 65.578 63.143 60.683
-157.361 -168.466 -162.275 -155.785 -158.171 -150.685 -134.978 -127.689 -120.253 -112.688 -105.020 -97.277 -89.507 -81.696 -73.864 -66.031 -58.167 -50.291 -42.452 -33.983 -26.878 -19.881 -13.021 -6.307 0.280 6.769 13.120 19.323 25.355 31.202 34.448 39.342 44.004 48.441 48.814 52.649 56.285 59.716 62.921 65.864 68.542 70.949 73.091 74.958 76.586 77.963 79.106 80.039 80.762 81.266 81.579 90.872 90.961 90.862 90.551 90.055 89.378 88.532 87.520 86.359 85.051 83.583 81.968 80.231 78.384 76.422 74.352 72.174 69.902 67.554 65.154 62.721
-164.563 -159.790 -154.614 -149.129 -158.820 -152.256 -154.390 -146.832 -131.245 -123.870 -116.344 -108.698 -100.982 -93.184 -85.326 -77.428 -69.463 -61.454 -53.447 -44.000 -36.698 -29.481 -22.380 -15.405 -8.545 -1.772 4.876 11.384 17.728 23.895 28.127 33.329 38.300 43.049 47.580 51.876 52.018 55.738 59.233 62.465 65.427 68.113 70.528 72.667 74.563 76.203 77.600 78.777 79.737 80.471 81.005 81.356 90.683 90.798 90.693 90.393 89.899 89.226 88.377 87.366 86.199 84.860 83.363 81.732 79.983 78.107 76.114 74.005 71.793 69.495 67.138 64.740
-170.655 -166.442 -161.799 -156.815 -151.534 -145.975 -140.145 -148.530 -141.647 -134.533 -127.221 -119.741 -112.144 -104.420 -96.591 -88.681 -80.665 -72.569 -64.439 -54.035 -46.569 -39.165 -31.853 -24.647 -17.537 -10.500 -3.578 3.218 9.860 16.334 22.629 27.051 32.325 37.379 42.219 46.827 51.216 55.380 55.290 58.810 62.060 65.028 67.721 70.136 72.305 74.214 75.874 77.305 78.510 79.482 80.245 80.816 81.210 90.558 90.667 90.571 90.268 89.778 89.100 88.252 87.234 86.034 84.663 83.148 81.505 79.725 77.819 75.787 73.643 71.405 69.098 66.743
-175.582 -171.989 -167.943 -163.523 -158.775 -153.707 -148.327 -142.676 -136.758 -144.592 -137.568 -130.326 -122.915 -115.330 -107.593 -99.730 -91.719 -83.586 -75.383 -64.054 -56.465 -48.908 -41.417 -34.011 -26.681 -19.406 -12.231 -5.169 1.752 8.515 15.109 20.503 26.072 31.425 36.568 41.484 46.185 50.661 54.896 58.845 58.425 61.680 64.656 67.348 69.795 71.980 73.910 75.603 77.059 78.277 79.278 80.078 80.691 90.114 90.446 90.562 90.461 90.163 89.667 88.989 88.131 87.078 85.845 84.455 82.929 81.255 79.444 77.498 75.430 73.260 71.012 68.708
-179.283 -176.360 -172.959 -169.164 -165.008 -160.499 -155.640 -150.467 -144.977 -139.184 -133.112 -140.339 -133.189 -125.811 -118.230 -110.477 -102.529 -94.415 -86.192 -73.982 -66.313 -58.642 -51.012 -43.440 -35.921 -28.440 -21.040 -13.736 -6.557 0.475 7.350 14.044 19.563 25.208 30.646 35.865 40.872 45.658 50.205 54.468 58.437 62.099 61.330 64.303 67.030 69.494 71.700 73.660 75.378 76.848 78.093 79.127 79.968 89.456 90.018 90.356 90.469 90.373 90.067 89.569 88.879 87.985 86.898 85.645 84.244 82.686 80.980 79.130 77.149 75.055 72.875 70.630
-165.879 -179.502 -176.793 -173.670 -170.162 -166.273 -161.997 -157.366 -152.376 -147.034 -141.365 -135.397 -129.174 -122.691 -128.416 -120.840 -113.017 -104.983 -96.797 -88.553 -76.058 -68.321 -60.593 -52.895 -45.226 -37.569 -29.973 -22.454 -15.042 -7.763 -0.627 6.342 12.817 18.740 24.466 29.981 35.289 40.380 45.236 49.809 54.088 58.060 61.730 65.089 64.006 66.749 69.233 71.465 73.450 75.180 76.678 77.956 79.032 79.893 89.377 89.944 90.278 90.393 90.288 89.981 89.471 88.745 87.816 86.711 85.446 84.014 82.424 80.679 78.792 76.784 74.680 72.503
-166.922 -165.601 -163.825 -161.652 -159.105 -170.939 -167.300 -163.272 -158.842 -154.019 -148.820 -143.273 -137.426 -131.268 -124.825 -118.127 -111.155 -115.174 -107.086 -98.897 -85.607 -77.854 -70.075 -62.294 -54.513 -46.718 -38.960 -31.256 -23.640 -16.139 -8.763 -1.539 5.877 12.065 18.068 23.869 29.468 34.857 40.016 44.896 49.482 53.760 57.737 61.403 64.797 67.908 66.529 69.033 71.286 73.279 75.038 76.569 77.888 78.984 88.529 89.329 89.890 90.225 90.330 90.223 89.903 89.356 88.597 87.652 86.535 85.240 83.775 82.144 80.361 78.447 76.428 74.326
-166.749 -166.110 -165.020 -163.528 -161.652 -159.379 -156.699 -153.627 -164.259 -160.013 -155.350 -150.292 -144.884 -139.119 -133.020 -126.613 -119.884 -112.865 -105.622 -108.862 -94.850 -87.137 -79.358 -71.545 -63.698 -55.808 -47.925 -40.072 -32.285 -24.589 -16.998 -9.544 -1.208 5.229 11.494 17.568 23.447 29.126 34.579 39.758 44.647 49.230 53.513 57.485 61.183 64.596 67.726 70.575 68.915 71.173 73.192 74.981 76.549 77.886 87.481 88.524 89.317 89.878 90.200 90.299 90.175 89.815 89.234 88.456 87.498 86.348 85.017 83.509 81.837 80.025 78.099 76.079
-156.209 -156.144 -155.663 -164.230 -163.037 -161.443 -159.426 -156.996 -154.138 -150.844 -147.122 -156.367 -151.464 -146.158 -140.468 -134.422 -128.003 -121.244 -114.215 -107.003 -94.059 -87.071 -79.983 -80.590 -72.731 -64.791 -56.828 -48.866 -40.944 -33.086 -25.307 -17.645 -8.416 -1.749 4.762 11.092 17.239 23.196 28.935 34.407 39.592 44.476 49.062 53.338 57.340 61.055 64.485 67.634 70.500 73.081 71.151 73.197 75.019 76.602 86.239 87.531 88.563 89.354 89.898 90.210 90.288 90.122 89.723 89.120 88.325 87.328 86.140 84.761 83.210 81.510 79.685 77.756
-141.766 -154.521 -154.656 -154.435 -153.862 -162.356 -161.019 -159.255 -157.043 -154.372 -151.246 -147.680 -143.704 -139.311 -147.077 -141.457 -135.416 -128.989 -122.241 -115.265 -101.842 -94.997 -88.014 -80.928 -73.746 -73.602 -65.605 -57.579 -49.563 -41.579 -33.646 -22.733 -15.714 -8.838 -2.101 4.468 10.868 17.090 23.105 28.859 34.333 39.512 44.396 48.973 53.276 57.291 61.021 64.469 67.631 70.503 73.109 75.454 73.295 75.128 76.698 86.345 87.621 88.649 89.421 89.950 90.236 90.269 90.060 89.637 89.012 88.176 87.137 85.898 84.477 82.896 81.180 79.350
-138.754 -139.865 -140.612 -141.035 -141.135 -152.750 -161.485 -160.397 -158.852 -156.831 -154.334 -151.368 -147.962 -144.105 -139.810 -135.095 -129.948 -136.018 -129.624 -122.954 -116.025 -102.508 -95.686 -88.722 -81.624 -74.389 -67.067 -59.692 -52.299 -44.914 -37.551 -30.254 -23.073 -16.010 -9.069 -2.279 4.356 10.827 17.103 23.129 28.883 34.348 39.523 44.396 48.996 53.309 57.337 61.082 64.541 67.704 70.597 73.223 75.597 77.702 75.271 84.952 86.480 87.748 88.753 89.503 90.005 90.242 90.231 89.993 89.545 88.876 87.993 86.902 85.618 84.164 82.565 80.844
-134.900 -136.533 -137.816 -138.793 -139.455 -139.788 -139.761 -147.729 -146.964 -158.201 -156.354 -154.016 -151.218 -147.934 -144.184 -139.977 -135.301 -130.182 -124.682 -129.971 -123.373 -109.516 -102.917 -96.133 -89.176 -82.039 -74.779 -67.429 -60.027 -52.599 -45.159 -37.755 -30.441 -23.222 -16.101 -9.112 -2.260 4.444 10.964 17.247 23.268 29.008 34.466 39.626 44.517 49.124 53.447 57.486 61.237 64.690 67.869 70.778 73.429 75.806 77.889 88.238 85.139 86.654 87.894 88.874 89.595 90.045 90.235 90.189 89.924 89.425 88.706 87.767 86.627 85.309 83.836 82.228
-130.279 -132.410 -134.207 -135.708 -136.912 -137.794 -138.326 -138.500 -146.627 -146.031 -144.968 -143.436 -141.452 -150.776 -147.607 -143.955 -139.800 -135.167 -130.115 -124.724 -119.007 -106.412 -109.651 -103.108 -96.348 -89.366 -82.221 -74.945 -67.580 -60.152 -52.677 -45.200 -37.785 -30.441 -23.169 -16.004 -8.959 -2.043 4.705 11.229 17.504 23.505 29.234 34.672 39.846 44.740 49.352 53.681 57.721 61.461 64.925 68.116 71.046 73.696 76.047 86.410 88.466 90.227 86.840 88.053 88.999 89.663 90.062 90.215 90.137 89.817 89.267 88.487 87.497 86.319 84.977 83.491
