decompensative_correction.grd
DSAA
         561         521
    -2800.000000     2800.000000
    -2600.000000     2600.000000
        -174         155
[rows 128 to 159 of 521, columns 0 to 71 of 561]
-0.973 -0.926 -0.868 -0.671 -0.590 -0.504 -0.403 -0.295 -0.180 -0.061 0.249 0.395 0.550 0.701 0.857 1.020 1.398 1.590 1.977 2.178 2.376 2.749 2.965 3.328 3.551 3.882 4.105 4.399 4.609 4.823 5.063 5.530 5.741 5.950 6.112 6.286 6.451 6.605 6.741 6.861 6.970 7.054 7.119 7.175 7.070 7.095 7.091 7.073 7.040 6.984 6.759 6.665 6.552 6.439 6.307 6.035 5.886 5.729 5.301 5.009 4.799 4.586 4.363 4.089 3.846 3.597 3.359 2.932 2.729 2.479 2.482 2.244
-0.927 -0.763 -0.692 -0.612 -0.522 -0.428 -0.316 -0.048 0.085 0.223 0.370 0.529 0.695 0.856 1.194 1.368 1.554 1.914 2.116 2.465 2.660 2.864 3.196 3.413 3.721 3.935 4.209 4.418 4.645 4.838 5.035 5.213 5.655 5.837 6.017 6.178 6.329 6.377 6.488 6.582 6.667 6.726 6.768 6.802 6.828 6.840 6.675 6.644 6.599 6.534 6.460 6.357 6.105 5.989 5.857 5.714 5.315 5.071 4.902 4.701 4.491 4.242 4.032 3.801 3.571 3.340 3.143 2.738 2.572 2.344 2.385 2.170
-0.755 -0.715 -0.638 -0.550 -0.325 -0.216 -0.090 0.045 0.189 0.340 0.501 0.818 0.998 1.173 1.349 1.673 1.864 2.065 2.394 2.596 2.895 3.093 3.380 3.585 3.847 4.046 4.244 4.463 4.643 4.818 4.994 5.165 5.333 5.701 5.855 5.990 6.116 6.229 6.324 6.403 6.352 6.390 6.411 6.425 6.433 6.428 6.396 6.220 6.164 6.090 6.009 5.901 5.777 5.549 5.176 5.040 4.895 4.744 4.574 4.326 4.126 3.927 3.716 3.501 3.280 3.098 2.877 2.727 2.342 2.220 2.296 2.105
-0.709 -0.662 -0.466 -0.368 -0.258 -0.139 -0.002 0.267 0.425 0.589 0.765 0.951 1.143 1.448 1.634 1.825 2.128 2.331 2.537 2.824 3.016 3.276 3.472 3.715 3.907 4.117 4.299 4.475 4.636 4.798 4.926 5.075 5.221 5.361 5.752 5.785 5.886 5.976 6.047 6.103 6.149 6.171 6.053 6.049 6.040 6.021 5.976 5.922 5.739 5.658 5.571 5.458 5.095 4.974 4.840 4.699 4.490 4.345 4.182 3.988 3.777 3.590 3.396 3.216 3.012 2.867 2.666 2.553 2.356 2.270 2.086 2.045
-0.569 -0.496 -0.413 -0.307 -0.081 0.049 0.198 0.355 0.524 0.700 0.991 1.187 1.389 1.584 1.867 2.063 2.265 2.542 2.747 2.998 3.183 3.405 3.592 3.782 3.974 4.152 4.311 4.476 4.626 4.735 4.879 5.015 5.081 5.199 5.312 5.651 5.736 5.810 5.755 5.790 5.815 5.818 5.805 5.670 5.648 5.616 5.560 5.496 5.421 5.330 4.915 4.802 4.677 4.556 4.423 4.284 4.140 3.963 3.807 3.623 3.435 3.271 3.092 2.946 2.759 2.650 2.469 2.390 2.214 2.161 2.000 1.989
-0.527 -0.359 -0.263 -0.148 -0.022 0.116 0.369 0.535 0.712 0.897 1.092 1.299 1.584 1.785 1.985 2.242 2.446 2.694 2.896 3.092 3.293 3.474 3.656 3.836 3.990 4.154 4.312 4.425 4.558 4.690 4.757 4.873 4.984 5.089 5.097 5.169 5.466 5.518 5.551 5.460 5.467 5.452 5.424 5.391 5.251 5.208 5.143 5.071 4.989 4.675 4.579 4.394 4.268 4.147 4.016 3.881 3.742 3.601 3.444 3.272 3.095 2.963 2.799 2.686 2.516 2.440 2.278 2.230 2.075 2.051 1.913 1.930
-0.402 -0.318 -0.219 -0.025 0.121 0.265 0.430 0.604 0.789 1.050 1.250 1.462 1.678 1.930 2.131 2.335 2.566 2.773 2.984 3.175 3.343 3.516 3.690 3.834 3.994 4.106 4.248 4.386 4.444 4.558 4.671 4.774 4.785 4.869 4.946 5.003 4.949 5.202 5.217 5.217 5.105 5.075 5.033 4.986 4.939 4.798 4.725 4.647 4.355 4.257 4.158 4.036 3.903 3.745 3.618 3.487 3.354 3.221 3.073 2.929 2.765 2.663 2.514 2.431 2.278 2.231 2.088 2.068 1.935 1.938 1.822 1.864
-0.360 -0.198 -0.096 0.019 0.150 0.388 0.556 0.733 0.922 1.118 1.367 1.580 1.798 2.026 2.226 2.428 2.633 2.837 3.038 3.205 3.375 3.508 3.671 3.784 3.932 4.075 4.142 4.264 4.370 4.472 4.486 4.570 4.649 4.719 4.682 4.720 4.748 4.765 4.868 4.852 4.830 4.691 4.637 4.580 4.524 4.388 4.309 4.035 3.947 3.847 3.747 3.624 3.493 3.370 3.238 3.106 2.980 2.855 2.716 2.600 2.449 2.375 2.240 2.185 2.049 2.028 1.905 1.911 1.797 1.824 1.730 1.794
-0.242 -0.153 0.013 0.129 0.260 0.405 0.615 0.832 1.021 1.217 1.423 1.656 1.871 2.078 2.273 2.471 2.551 2.722 2.909 3.185 3.347 3.507 3.603 3.754 3.824 3.954 4.073 4.185 4.191 4.277 4.360 4.334 4.395 4.447 4.492 4.414 4.425 4.426 4.314 4.285 4.439 4.298 4.234 4.169 4.106 3.798 3.717 3.633 3.543 3.442 3.342 3.221 3.092 2.972 2.845 2.736 2.617 2.500 2.372 2.282 2.144 2.095 1.976 1.946 1.827 1.830 1.725 1.754 1.660 1.710 1.636 1.572
-0.136 -0.045 0.059 0.221 0.351 0.494 0.657 0.855 1.034 1.219 1.414 1.618 1.816 2.009 2.200 2.359 2.548 2.695 2.875 3.045 3.135 3.279 3.350 3.484 3.608 3.641 3.743 3.995 4.074 4.050 4.117 4.171 4.219 4.154 4.182 4.190 4.088 4.076 4.046 3.917 3.873 3.735 3.665 3.595 3.527 3.408 3.323 3.238 3.147 3.046 2.948 2.829 2.703 2.588 2.467 2.379 2.268 2.160 2.042 1.977 1.851 1.827 1.723 1.716 1.613 1.639 1.551 1.601 1.526 1.455 1.542 1.499
-0.085 0.047 0.150 0.265 0.421 0.561 0.721 0.891 1.071 1.254 1.443 1.641 1.816 2.002 2.186 2.322 2.504 2.688 2.800 2.960 3.029 3.162 3.292 3.334 3.445 3.548 3.640 3.624 3.835 3.895 3.950 3.886 3.919 3.942 3.856 3.850 3.833 3.717 3.676 3.546 3.492 3.421 3.280 3.205 3.133 3.024 2.938 2.852 2.761 2.662 2.566 2.450 2.328 2.219 2.104 2.036 1.934 1.836 1.729 1.686 1.574 1.570 1.481 1.495 1.408 1.330 1.385 1.320 1.397 1.345 1.449 1.426
0.010 0.101 0.227 0.338 0.464 0.610 0.763 0.927 1.102 1.282 1.444 1.635 1.827 1.964 2.139 2.313 2.424 2.599 2.691 2.841 2.973 3.012 3.130 3.245 3.250 3.340 3.418 3.487 3.435 3.479 3.657 3.685 3.601 3.611 3.614 3.500 3.473 3.354 3.305 3.175 3.114 3.036 2.901 2.822 2.748 2.649 2.562 2.477 2.388 2.291 2.198 2.087 1.971 1.867 1.760 1.711 1.618 1.530 1.517 1.412 1.312 1.329 1.255 1.288 1.216 1.155 1.229 1.182 1.277 1.242 1.222 1.213
0.093 0.181 0.281 0.396 0.516 0.649 0.800 0.944 1.111 1.283 1.462 1.602 1.785 1.959 2.063 2.227 2.317 2.480 2.638 2.693 2.814 2.930 2.942 3.043 3.132 3.110 3.175 3.231 3.269 3.199 3.226 3.240 3.375 3.274 3.265 3.148 3.112 2.993 2.936 2.809 2.743 2.616 2.532 2.450 2.354 2.286 2.201 2.117 2.031 1.937 1.849 1.743 1.632 1.536 1.494 1.406 1.323 1.245 1.251 1.158 1.071 1.106 1.046 0.977 1.040 0.996 1.086 1.057 1.031 1.149 1.146 1.027
0.152 0.242 0.338 0.443 0.547 0.671 0.814 0.968 1.094 1.256 1.425 1.543 1.713 1.875 1.958 2.110 2.265 2.332 2.477 2.514 2.624 2.727 2.724 2.812 2.888 2.956 2.907 2.951 2.977 2.999 3.015 2.920 2.917 2.815 2.798 2.789 2.746 2.630 2.567 2.445 2.375 2.255 2.168 2.085 1.999 1.931 1.848 1.767 1.684 1.595 1.512 1.411 1.307 1.219 1.193 1.115 1.041 0.975 0.998 0.917 0.843 0.894 0.847 0.793 0.872 0.844 0.818 0.936 0.928 0.924 0.935 0.976
0.212 0.297 0.376 0.475 0.585 0.705 0.808 0.951 1.105 1.208 1.365 1.528 1.618 1.768 1.913 1.969 2.110 2.160 2.292 2.412 2.411 2.502 2.587 2.562 2.627 2.683 2.726 2.658 2.673 2.685 2.691 2.591 2.580 2.478 2.453 2.340 2.291 2.181 2.205 2.089 2.017 1.905 1.817 1.734 1.657 1.592 1.511 1.433 1.354 1.270 1.193 1.098 1.002 0.986 0.912 0.843 0.779 0.724 0.763 0.694 0.632 0.699 0.665 0.625 0.593 0.705 0.695 0.695 0.699 0.847 0.874 0.800
0.255 0.335 0.423 0.519 0.589 0.700 0.828 0.913 1.056 1.202 1.282 1.431 1.581 1.637 1.768 1.807 1.934 2.064 2.087 2.194 2.181 2.260 2.332 2.398 2.350 2.395 2.429 2.452 2.361 2.362 2.358 2.258 2.240 2.139 2.109 2.000 1.947 1.842 1.775 1.668 1.596 1.492 1.478 1.396 1.330 1.268 1.189 1.116 1.042 0.963 0.892 0.804 0.715 0.713 0.648 0.588 0.534 0.490 0.443 0.488 0.438 0.403 0.497 0.471 0.453 0.450 0.583 0.598 0.618 0.644 0.582 0.634
0.309 0.386 0.435 0.523 0.620 0.674 0.791 0.917 0.985 1.118 1.253 1.313 1.449 1.487 1.603 1.718 1.739 1.855 1.865 1.960 2.035 2.003 2.062 2.116 2.160 2.098 2.121 2.136 2.132 2.035 2.024 1.924 1.900 1.803 1.769 1.665 1.610 1.513 1.444 1.345 1.272 1.178 1.092 1.020 1.018 0.960 0.885 0.817 0.748 0.675 0.610 0.530 0.447 0.383 0.402 0.351 0.308 0.275 0.240 0.299 0.262 0.239 0.226 0.332 0.328 0.339 0.355 0.382 0.415 0.588 0.547 0.613
0.359 0.391 0.469 0.553 0.589 0.684 0.794 0.843 0.965 1.011 1.132 1.259 1.295 1.406 1.418 1.518 1.525 1.628 1.628 1.710 1.773 1.732 1.780 1.823 1.856 1.791 1.806 1.813 1.802 1.706 1.688 1.591 1.563 1.471 1.434 1.338 1.281 1.192 1.123 1.033 0.961 0.876 0.793 0.730 0.722 0.667 0.597 0.533 0.470 0.403 0.345 0.272 0.196 0.141 0.087 0.131 0.098 0.076 0.052 0.014 0.099 0.089 0.089 0.084 0.089 0.111 0.270 0.311 0.358 0.411 0.391 0.471
0.357 0.424 0.442 0.517 0.599 0.620 0.718 0.823 0.856 0.966 0.992 1.104 1.124 1.220 1.217 1.302 1.298 1.389 1.380 1.415 1.463 1.417 1.452 1.482 1.547 1.566 1.490 1.490 1.472 1.378 1.355 1.263 1.231 1.145 1.107 1.019 0.962 0.882 0.814 0.733 0.664 0.589 0.507 0.434 0.412 0.391 0.325 0.267 0.210 0.149 0.098 0.032 -0.036 -0.084 -0.129 -0.167 -0.096 -0.108 -0.120 -0.146 -0.163 -0.165 -0.034 -0.027 -0.008 0.027 0.068 0.122 0.181 0.247 0.248 0.342
0.385 0.387 0.452 0.522 0.528 0.606 0.619 0.711 0.727 0.822 0.921 0.931 0.937 1.018 1.002 1.075 1.060 1.118 1.187 1.159 1.196 1.145 1.170 1.190 1.205 1.216 1.142 1.135 1.142 1.052 1.024 0.937 0.903 0.825 0.786 0.706 0.650 0.580 0.514 0.443 0.376 0.296 0.233 0.193 0.136 0.086 0.019 -0.040 -0.038 -0.093 -0.136 -0.195 -0.256 -0.296 -0.332 -0.361 -0.379 -0.386 -0.281 -0.295 -0.299 -0.288 -0.267 -0.249 -0.221 -0.175 -0.122 -0.057 0.143 0.223 0.241 0.347
0.343 0.395 0.385 0.445 0.511 0.502 0.580 0.579 0.665 0.663 0.747 0.744 0.826 0.805 0.867 0.830 0.892 0.874 0.934 0.900 0.927 0.873 0.888 0.900 0.907 0.912 0.840 0.828 0.799 0.715 0.684 0.621 0.584 0.543 0.475 0.405 0.351 0.291 0.227 0.157 0.103 0.026 -0.054 -0.071 -0.123 -0.168 -0.229 -0.281 -0.332 -0.386 -0.428 -0.485 -0.459 -0.490 -0.518 -0.537 -0.545 -0.541 -0.535 -0.540 -0.536 -0.516 -0.485 -0.333 -0.292 -0.233 -0.167 -0.089 -0.004 0.088 0.125 0.244
0.347 0.323 0.371 0.425 0.402 0.461 0.446 0.517 0.505 0.578 0.561 0.546 0.614 0.587 0.634 0.599 0.650 0.627 0.676 0.640 0.657 0.668 0.606 0.611 0.612 0.610 0.543 0.526 0.493 0.413 0.379 0.337 0.274 0.232 0.175 0.121 0.061 0.007 -0.049 -0.116 -0.181 -0.232 -0.298 -0.363 -0.414 -0.408 -0.463 -0.509 -0.553 -0.600 -0.635 -0.684 -0.735 -0.763 -0.787 -0.801 -0.803 -0.683 -0.666 -0.660 -0.643 -0.610 -0.567 -0.527 -0.475 -0.405 -0.327 -0.237 -0.140 -0.036 0.086 0.153
0.269 0.307 0.349 0.313 0.360 0.325 0.384 0.358 0.422 0.395 0.368 0.428 0.410 0.372 0.408 0.367 0.407 0.382 0.422 0.384 0.392 0.393 0.331 0.329 0.324 0.317 0.253 0.232 0.195 0.122 0.086 0.043 -0.018 -0.060 -0.112 -0.164 -0.213 -0.265 -0.326 -0.372 -0.433 -0.508 -0.544 -0.604 -0.649 -0.687 -0.741 -0.786 -0.820 -0.785 -0.811 -0.852 -0.895 -0.912 -0.942 -0.947 -0.938 -0.917 -0.891 -0.877 -0.851 -0.809 -0.756 -0.706 -0.644 -0.562 -0.472 -0.369 -0.140 -0.025 0.107 0.188
0.251 0.282 0.234 0.269 0.222 0.263 0.226 0.277 0.243 0.206 0.274 0.239 0.202 0.232 0.182 0.137 0.168 0.140 0.172 0.192 0.132 0.125 0.115 0.055 0.045 0.034 0.012 -0.051 -0.090 -0.131 -0.196 -0.240 -0.292 -0.334 -0.386 -0.435 -0.487 -0.523 -0.580 -0.644 -0.674 -0.750 -0.822 -0.881 -0.926 -0.901 -0.948 -0.987 -1.022 -1.058 -1.081 -1.119 -1.157 -1.171 -1.179 -1.176 -1.170 -1.142 -1.108 -1.085 -0.932 -0.879 -0.815 -0.754 -0.680 -0.587 -0.485 -0.372 -0.252 -0.124 0.020 0.119
0.228 0.168 0.193 0.133 0.163 0.107 0.147 0.102 0.059 0.125 0.082 0.040 0.071 0.016 -0.038 -0.022 -0.065 -0.035 -0.069 -0.057 -0.117 -0.131 -0.148 -0.165 -0.222 -0.236 -0.261 -0.292 -0.361 -0.404 -0.462 -0.507 -0.548 -0.592 -0.651 -0.703 -0.739 -0.789 -0.819 -0.879 -0.953 -1.022 -1.043 -1.097 -1.135 -1.165 -1.221 -1.256 -1.289 -1.236 -1.251 -1.281 -1.311 -1.316 -1.316 -1.304 -1.277 -1.242 -1.198 -1.164 -1.118 -1.056 -0.982 -0.911 -0.826 -0.721 -0.607 -0.481 -0.349 -0.210 -0.053 0.063
0.114 0.129 0.058 0.076 0.009 0.032 -0.025 -0.078 -0.011 -0.061 -0.111 -0.158 -0.137 -0.196 -0.254 -0.246 -0.290 -0.268 -0.301 -0.296 -0.312 -0.376 -0.398 -0.421 -0.443 -0.492 -0.520 -0.553 -0.616 -0.661 -0.706 -0.757 -0.798 -0.842 -0.871 -0.948 -0.999 -1.021 -1.076 -1.136 -1.173 -1.238 -1.304 -1.357 -1.394 -1.443 -1.408 -1.436 -1.460 -1.486 -1.498 -1.524 -1.550 -1.550 -1.544 -1.526 -1.492 -1.442 -1.390 -1.346 -1.291 -1.220 -1.135 -1.053 -0.957 -0.840 -0.713 -0.575 -0.431 -0.278 -0.109 0.025
0.078 0.086 0.005 -0.074 -0.061 -0.135 -0.198 -0.135 -0.190 -0.246 -0.300 -0.282 -0.338 -0.400 -0.403 -0.460 -0.453 -0.487 -0.477 -0.522 -0.544 -0.572 -0.602 -0.661 -0.687 -0.711 -0.762 -0.798 -0.846 -0.900 -0.946 -0.996 -1.031 -1.073 -1.149 -1.175 -1.223 -1.271 -1.326 -1.374 -1.426 -1.491 -1.557 -1.543 -1.602 -1.622 -1.657 -1.682 -1.703 -1.725 -1.733 -1.754 -1.776 -1.770 -1.758 -1.733 -1.692 -1.634 -1.565 -1.512 -1.447 -1.366 -1.271 -1.178 -1.072 -0.944 -0.805 -0.654 -0.497 -0.332 -0.149 0.002
0.043 -0.047 -0.136 -0.135 -0.218 -0.297 -0.283 -0.303 -0.362 -0.421 -0.411 -0.468 -0.526 -0.534 -0.600 -0.608 -0.656 -0.690 -0.686 -0.695 -0.725 -0.790 -0.824 -0.859 -0.910 -0.937 -0.974 -1.020 -1.070 -1.121 -1.171 -1.215 -1.259 -1.304 -1.364 -1.413 -1.462 -1.469 -1.521 -1.617 -1.669 -1.672 -1.732 -1.816 -1.843 -1.860 -1.893 -1.914 -1.837 -1.852 -1.851 -1.864 -1.877 -1.862 -1.841 -1.806 -1.755 -1.688 -1.604 -1.540 -1.465 -1.374 -1.270 -1.168 -1.053 -0.915 -0.767 -0.607 -0.442 -0.269 -0.079 0.081
-0.080 -0.089 -0.186 -0.280 -0.283 -0.370 -0.393 -0.460 -0.451 -0.517 -0.580 -0.640 -0.643 -0.712 -0.730 -0.793 -0.840 -0.838 -0.792 -0.841 -0.876 -0.916 -0.976 -1.014 -1.050 -1.083 -1.178 -1.221 -1.277 -1.322 -1.373 -1.428 -1.453 -1.498 -1.587 -1.639 -1.646 -1.690 -1.743 -1.846 -1.834 -1.893 -1.953 -2.042 -2.068 -2.082 -2.019 -2.033 -2.042 -2.053 -2.048 -2.056 -2.062 -2.041 -2.012 -1.969 -1.910 -1.833 -1.734 -1.660 -1.575 -1.474 -1.360 -1.247 -1.121 -0.971 -0.811 -0.638 -0.461 -0.276 -0.074 0.100
-0.124 -0.229 -0.332 -0.346 -0.440 -0.475 -0.475 -0.548 -0.616 -0.683 -0.688 -0.697 -0.760 -0.782 -0.852 -0.874 -0.927 -0.933 -0.975 -0.997 -1.040 -1.105 -1.149 -1.193 -1.241 -1.278 -1.322 -1.417 -1.474 -1.531 -1.586 -1.620 -1.668 -1.716 -1.774 -1.823 -1.870 -1.914 -1.961 -2.013 -2.059 -2.117 -2.228 -2.270 -2.204 -2.211 -2.232 -2.242 -2.247 -2.252 -2.242 -2.243 -2.242 -2.213 -2.176 -2.124 -2.056 -1.969 -1.855 -1.771 -1.676 -1.564 -1.438 -1.313 -1.176 -1.014 -0.842 -0.657 -0.468 -0.271 -0.058 0.129
-0.265 -0.289 -0.398 -0.503 -0.518 -0.555 -0.635 -0.710 -0.778 -0.786 -0.856 -0.860 -0.877 -0.950 -0.980 -1.047 -1.067 -1.109 -1.127 -1.157 -1.223 -1.274 -1.325 -1.380 -1.424 -1.466 -1.509 -1.559 -1.680 -1.719 -1.775 -1.833 -1.884 -1.896 -1.997 -2.048 -2.096 -2.082 -2.189 -2.240 -2.285 -2.342 -2.372 -2.407 -2.423 -2.428 -2.445 -2.450 -2.449 -2.449 -2.432 -2.427 -2.419 -2.381 -2.334 -2.273 -2.195 -2.099 -1.969 -1.875 -1.768 -1.645 -1.508 -1.371 -1.221 -1.048 -0.863 -0.667 -0.466 -0.257 -0.032 0.168
-0.329 -0.445 -0.474 -0.584 -0.625 -0.717 -0.797 -0.809 -0.881 -0.954 -0.907 -0.975 -1.042 -1.076 -1.150 -1.185 -1.241 -1.260 -1.285 -1.338 -1.392 -1.449 -1.510 -1.564 -1.614 -1.653 -1.705 -1.759 -1.868 -1.930 -1.990 -2.052 -2.066 -2.183 -2.227 -2.280 -2.269 -2.310 -2.424 -2.474 -2.518 -2.488 -2.603 -2.636 -2.649 -2.650 -2.663 -2.662 -2.656 -2.650 -2.512 -2.497 -2.480 -2.431 -2.375 -2.303 -2.215 -2.109 -1.967 -1.863 -1.748 -1.616 -1.470 -1.431 -1.268 -1.083 -0.887 -0.678 -0.465 -0.244 -0.007 0.206
