decompensative_correction.grd
DSAA
         561         521
    -2800.000000     2800.000000
    -2600.000000     2600.000000
        -174         155
[rows 32 to 63 of 521, columns 360 to 431 of 561]
-4.205 -6.954 -8.915 -9.817 -11.715 -13.687 -15.737 -17.840 -20.020 -22.273 -24.643 -27.121 -29.679 -32.329 -35.084 -37.903 -40.774 -43.671 -46.583 -49.509 -52.460 -55.417 -55.289 -58.075 -60.798 -63.430 -65.958 -68.374 -70.659 -72.776 -74.701 -76.398 -77.870 -79.112 -80.100 -80.810 -81.243 -81.376 -81.206 -80.679 -79.813 -78.636 -77.159 -75.395 -73.355 -71.042 -68.487 -65.681 -60.795 -57.764 -54.492 -50.996 -47.293 -43.411 -39.342 -35.075 -30.607 -25.960 -21.171 -16.287 -11.332 -6.334 -1.296 3.759 8.803 13.800 18.726 23.590 28.403 33.166 37.877 42.521
-13.705 -15.736 -17.786 -18.038 -20.043 -22.136 -24.325 -26.584 -28.938 -31.386 -33.974 -36.688 -39.500 -42.422 -45.463 -48.582 -51.756 -54.964 -58.188 -61.429 -64.690 -67.956 -71.219 -70.137 -73.126 -76.019 -78.801 -81.466 -83.988 -86.334 -88.480 -90.392 -92.069 -93.503 -94.671 -95.549 -96.138 -96.414 -96.369 -95.952 -95.177 -94.074 -92.654 -90.930 -88.910 -86.601 -84.030 -81.192 -78.071 -74.674 -71.009 -65.123 -61.323 -57.327 -53.130 -48.719 -44.094 -39.277 -34.303 -29.222 -24.061 -18.842 -13.573 -8.277 -2.983 2.270 7.462 12.601 17.698 22.756 27.772 32.735
-22.293 -24.388 -26.510 -28.653 -28.198 -30.400 -32.711 -35.113 -37.630 -40.261 -43.055 -45.995 -49.053 -52.237 -55.556 -58.964 -62.439 -65.953 -69.487 -73.035 -76.604 -80.175 -83.741 -81.899 -85.157 -88.313 -91.351 -94.271 -97.039 -99.626 -102.007 -104.145 -106.043 -107.694 -109.065 -110.139 -110.910 -111.356 -111.466 -111.191 -110.541 -109.545 -108.214 -106.562 -104.595 -102.322 -99.771 -96.933 -93.796 -90.364 -86.648 -82.663 -78.431 -71.609 -67.311 -62.783 -58.026 -53.063 -47.929 -42.673 -37.324 -31.904 -26.422 -20.901 -15.373 -9.876 -4.431 0.970 6.340 11.684 16.998 22.268
-30.589 -32.723 -34.897 -37.104 -39.364 -38.296 -40.715 -43.241 -45.907 -48.709 -51.696 -54.852 -58.148 -61.585 -65.171 -68.858 -72.621 -76.431 -80.262 -84.108 -87.978 -91.848 -95.712 -99.535 -96.679 -100.098 -103.396 -106.573 -109.595 -112.433 -115.062 -117.446 -119.584 -121.471 -123.073 -124.367 -125.349 -125.995 -126.291 -126.189 -125.695 -124.842 -123.636 -122.091 -120.215 -118.012 -115.515 -112.717 -109.598 -106.170 -102.439 -98.421 -94.143 -89.624 -84.861 -77.127 -72.266 -67.182 -61.913 -56.509 -50.998 -45.402 -39.732 -34.010 -28.267 -22.544 -16.858 -11.205 -5.572 0.047 5.649 11.221
-38.458 -40.607 -42.805 -45.049 -47.363 -45.687 -48.193 -50.826 -53.620 -56.574 -59.737 -63.094 -66.609 -70.288 -74.128 -78.080 -82.117 -86.209 -90.323 -94.458 -98.617 -102.779 -106.932 -111.044 -107.517 -111.199 -114.757 -118.195 -121.476 -124.570 -127.452 -130.091 -132.486 -134.627 -136.478 -138.017 -139.237 -140.112 -140.629 -140.731 -140.432 -139.755 -138.709 -137.309 -135.562 -133.471 -131.068 -128.346 -125.287 -121.901 -118.197 -114.191 -109.906 -105.361 -100.556 -95.474 -90.118 -84.517 -76.140 -70.619 -64.977 -59.234 -53.404 -47.505 -41.572 -35.646 -29.742 -23.854 -17.972 -12.092 -6.216 -0.354
-45.695 -47.826 -50.020 -52.272 -54.611 -52.375 -54.941 -57.656 -60.556 -63.639 -66.959 -70.496 -74.213 -78.117 -82.194 -86.396 -90.688 -95.047 -99.433 -103.844 -108.281 -112.726 -117.160 -121.556 -125.867 -130.060 -125.207 -128.907 -132.449 -135.805 -138.955 -141.864 -144.532 -146.947 -149.072 -150.881 -152.365 -153.501 -154.269 -154.615 -154.540 -154.076 -153.226 -152.006 -150.426 -148.487 -146.221 -143.622 -140.670 -137.375 -133.744 -129.795 -125.550 -121.028 -116.225 -111.127 -105.737 -100.079 -94.194 -88.134 -79.152 -73.299 -67.340 -61.298 -55.203 -49.098 -43.001 -36.901 -30.790 -24.666 -18.533 -12.399
-52.155 -54.241 -56.399 -58.630 -60.963 -63.471 -60.832 -63.605 -66.584 -69.771 -73.220 -76.912 -80.809 -84.909 -89.204 -93.635 -98.165 -102.771 -107.414 -112.085 -116.787 -121.499 -126.203 -130.876 -135.468 -126.364 -130.266 -134.045 -128.882 -132.145 -149.399 -152.585 -155.535 -158.240 -160.656 -162.757 -164.528 -165.950 -166.994 -167.608 -167.796 -167.578 -166.963 -165.963 -164.587 -162.843 -160.760 -158.328 -155.531 -152.378 -148.871 -145.029 -140.877 -136.431 -131.683 -126.623 -121.248 -115.588 -109.678 -103.573 -97.302 -87.458 -81.408 -75.256 -69.037 -62.786 -56.524 -50.243 -43.932 -37.589 -31.221 -24.838
-57.675 -59.683 -61.775 -63.954 -66.255 -68.747 -71.460 -68.521 -71.553 -74.816 -78.367 -82.188 -86.234 -90.506 -94.991 -99.628 -104.374 -109.206 -114.084 -118.997 -123.951 -128.918 -133.882 -125.428 -129.806 -134.080 -138.241 -133.092 -136.767 -140.280 -143.609 -146.728 -149.639 -152.328 -154.760 -156.902 -158.744 -177.254 -178.600 -179.513 -179.990 -180.054 -179.707 -178.966 -177.838 -176.331 -174.471 -172.255 -169.663 -166.702 -163.377 -159.700 -155.698 -151.385 -146.753 -141.789 -136.486 -130.880 -125.003 -118.907 -112.624 -106.183 -95.500 -89.284 -82.978 -76.619 -70.228 -63.795 -57.314 -50.782 -44.205 -37.597
-62.092 -63.996 -65.994 -68.092 -70.330 -72.777 -75.466 -72.267 -75.326 -78.637 -82.259 -86.178 -90.345 -94.760 -99.407 -104.224 -109.163 -114.198 -119.289 -124.426 -129.611 -121.834 -126.532 -131.217 -135.842 -131.222 -135.381 -139.439 -143.362 -147.124 -141.083 -144.278 -147.289 -150.108 -152.696 -165.420 -167.561 -169.381 -170.845 -171.909 -172.573 -191.314 -191.268 -190.819 -189.976 -188.747 -187.157 -185.204 -182.865 -180.148 -177.058 -173.607 -169.814 -165.696 -161.240 -156.436 -151.273 -145.783 -140.001 -133.977 -127.744 -121.326 -114.736 -103.258 -96.910 -90.487 -84.008 -77.463 -70.849 -64.162 -57.411 -50.608
-59.517 -61.248 -63.085 -65.034 -67.131 -69.444 -72.000 -74.785 -77.843 -81.176 -84.840 -88.827 -93.084 -97.611 -102.391 -107.357 -112.461 -117.675 -122.960 -128.299 -120.789 -125.688 -130.604 -126.680 -131.250 -135.733 -140.128 -144.426 -148.592 -142.846 -146.466 -149.907 -153.173 -156.256 -159.111 -161.711 -164.036 -166.066 -167.773 -180.319 -181.288 -181.869 -182.061 -181.883 -200.819 -199.902 -198.620 -196.970 -194.932 -192.512 -189.710 -186.541 -183.016 -179.153 -174.935 -170.354 -165.396 -160.089 -154.466 -148.576 -142.455 -136.123 -129.591 -116.999 -110.661 -104.221 -97.703 -91.094 -84.391 -77.592 -70.707 -63.749
-61.408 -63.006 -64.719 -66.557 -68.557 -70.788 -73.279 -76.018 -79.050 -82.379 -86.059 -90.083 -94.399 -99.007 -103.888 -108.977 -114.221 -119.590 -125.047 -117.886 -122.942 -128.041 -124.559 -129.376 -134.159 -138.866 -143.490 -138.587 -142.723 -146.725 -150.579 -154.260 -157.779 -161.122 -164.246 -167.120 -169.726 -172.037 -174.028 -175.643 -176.890 -177.782 -178.314 -190.141 -189.906 -189.314 -188.390 -187.133 -205.686 -203.605 -201.143 -198.306 -195.106 -191.558 -187.643 -183.351 -178.667 -173.612 -168.221 -162.540 -156.597 -150.419 -144.014 -137.401 -130.616 -117.714 -111.211 -104.590 -97.850 -90.988 -84.017 -76.949
-56.836 -58.073 -59.423 -60.894 -57.873 -59.698 -61.757 -64.039 -66.585 -76.552 -85.914 -89.947 -94.289 -98.945 -103.896 -109.078 -114.437 -119.941 -113.227 -118.374 -115.748 -120.700 -125.690 -130.703 -135.694 -140.619 -136.293 -140.758 -145.111 -149.337 -153.421 -157.343 -161.107 -164.703 -168.091 -171.232 -174.109 -176.696 -178.964 -180.861 -182.390 -183.565 -184.384 -184.860 -185.005 -184.823 -184.342 -195.266 -194.000 -192.393 -190.443 -208.746 -205.926 -202.750 -199.200 -195.262 -190.916 -186.183 -181.096 -175.693 -170.005 -164.053 -157.845 -151.402 -144.758 -137.945 -130.988 -117.846 -111.126 -104.257 -97.253 -90.128
-51.844 -52.940 -54.155 -55.499 -57.006 -58.736 -60.713 -62.927 -65.422 -68.189 -71.276 -74.675 -78.348 -82.301 -86.520 -90.956 -101.866 -106.925 -112.107 -110.135 -115.189 -120.305 -125.472 -130.672 -127.464 -132.266 -137.007 -141.680 -133.830 -137.913 -133.402 -136.981 -140.430 -152.875 -156.204 -159.309 -162.172 -164.770 -182.555 -184.722 -186.523 -187.978 -189.080 -189.844 -190.284 -190.406 -190.237 -189.774 -188.997 -187.904 -186.499 -196.331 -194.107 -212.568 -209.437 -205.908 -201.965 -197.623 -192.904 -187.854 -182.494 -176.844 -170.908 -164.711 -158.279 -151.648 -144.842 -137.848 -124.084 -117.271 -110.294 -103.167
-50.532 -51.474 -52.546 -53.757 -55.142 -56.761 -54.895 -56.976 -59.326 -61.932 -64.841 -72.320 -75.974 -79.923 -84.156 -88.626 -93.292 -98.122 -103.083 -108.165 -113.360 -118.631 -116.538 -121.566 -126.601 -131.589 -124.795 -129.283 -125.849 -129.866 -133.767 -137.539 -141.183 -144.688 -148.020 -151.147 -154.051 -166.574 -169.112 -171.313 -173.183 -174.733 -192.396 -193.443 -194.174 -194.597 -194.741 -194.604 -194.165 -193.426 -192.381 -191.039 -189.396 -187.455 -185.198 -193.838 -211.652 -207.761 -203.481 -198.848 -193.886 -188.612 -183.027 -177.151 -171.006 -164.633 -158.050 -151.251 -144.232 -136.991 -123.002 -115.939
-44.382 -45.019 -45.789 -46.696 -49.000 -50.497 -52.249 -54.243 -56.519 -59.061 -61.917 -65.077 -68.508 -72.222 -76.213 -80.439 -89.864 -94.759 -99.806 -104.994 -110.317 -109.077 -114.209 -119.397 -113.702 -118.464 -116.191 -120.563 -124.855 -129.051 -133.135 -137.091 -140.921 -144.614 -148.135 -151.451 -154.545 -157.392 -159.976 -162.252 -164.228 -176.219 -177.693 -178.873 -179.771 -197.364 -197.813 -197.996 -197.897 -197.510 -196.836 -195.878 -194.631 -193.098 -191.256 -189.080 -186.557 -183.686 -199.730 -208.487 -203.994 -199.167 -194.007 -188.529 -182.755 -176.719 -170.444 -163.919 -157.143 -150.114 -135.248 -128.320
-38.721 -41.944 -39.916 -40.723 -41.699 -42.894 -44.333 -46.010 -45.556 -52.492 -55.163 -58.120 -64.601 -68.283 -72.257 -76.488 -80.939 -85.580 -90.377 -95.319 -100.400 -105.580 -100.905 -105.819 -110.763 -109.367 -113.943 -118.480 -122.941 -127.310 -131.571 -135.701 -139.706 -143.575 -147.267 -150.758 -154.023 -157.040 -159.795 -162.247 -164.403 -166.283 -167.894 -169.240 -170.335 -181.607 -182.255 -182.677 -200.202 -200.163 -199.853 -199.278 -198.432 -197.316 -195.902 -194.169 -192.091 -189.675 -186.925 -183.864 -180.506 -195.759 -203.696 -198.690 -193.361 -187.746 -181.857 -175.690 -169.241 -162.508 -155.496 -140.170
-35.523 -35.885 -36.396 -37.056 -37.897 -38.965 -38.413 -39.968 -41.783 -43.843 -46.185 -48.806 -51.681 -60.572 -64.298 -68.278 -72.476 -80.784 -85.634 -82.168 -86.927 -91.797 -96.767 -96.609 -101.364 -106.112 -110.841 -115.534 -120.157 -117.840 -129.115 -133.409 -137.578 -141.609 -134.107 -137.488 -140.652 -155.695 -158.602 -161.206 -163.522 -165.571 -167.356 -168.891 -170.187 -171.256 -172.128 -172.803 -173.263 -183.857 -183.878 -201.233 -200.785 -200.082 -199.102 -197.820 -196.210 -194.269 -192.002 -189.425 -186.550 -183.375 -179.890 -194.922 -190.461 -185.715 -192.149 -186.421 -180.381 -174.028 -167.363 -160.402
-31.761 -29.235 -32.292 -32.795 -32.067 -33.037 -34.249 -35.697 -37.415 -39.386 -40.150 -42.594 -47.010 -50.100 -53.468 -57.094 -60.944 -64.993 -69.207 -73.583 -78.110 -86.739 -87.495 -92.327 -97.207 -102.091 -106.960 -111.802 -110.429 -105.831 -109.807 -113.668 -117.420 -121.050 -131.529 -135.040 -138.328 -141.380 -144.187 -146.715 -148.979 -163.820 -165.758 -167.458 -168.934 -170.199 -171.281 -172.185 -172.895 -173.404 -173.722 -173.853 -184.014 -201.390 -200.842 -200.007 -198.866 -197.410 -195.642 -193.574 -191.211 -188.547 -185.571 -182.289 -178.710 -174.853 -189.005 -184.181 -179.054 -173.609 -178.289 -171.727
-25.082 -25.017 -24.193 -24.522 -27.658 -28.494 -29.580 -30.909 -31.668 -33.494 -35.595 -37.966 -40.588 -43.474 -46.627 -50.030 -53.653 -59.630 -63.871 -68.292 -72.881 -77.600 -82.436 -87.372 -92.368 -97.377 -97.369 -101.999 -98.075 -102.265 -106.359 -110.337 -114.200 -117.939 -121.518 -124.907 -128.086 -131.045 -141.245 -143.871 -146.241 -148.372 -150.275 -151.970 -166.620 -168.056 -169.328 -170.436 -171.370 -172.127 -172.710 -173.127 -173.370 -173.439 -173.307 -172.954 -200.043 -199.072 -197.807 -196.258 -194.427 -192.301 -189.866 -187.123 -184.080 -180.750 -177.148 -173.249 -169.046 -164.537 -176.889 -171.269
-20.008 -19.887 -19.919 -20.101 -20.464 -23.561 -24.512 -25.424 -26.905 -28.633 -30.644 -32.936 -35.489 -38.317 -41.425 -44.799 -48.408 -52.224 -56.214 -60.384 -64.720 -71.923 -76.838 -81.865 -86.964 -87.955 -85.061 -89.482 -93.848 -98.139 -102.335 -106.411 -110.370 -114.200 -117.862 -121.330 -124.581 -127.607 -130.403 -132.947 -135.256 -137.351 -146.875 -148.677 -150.298 -151.750 -166.309 -167.599 -168.736 -169.715 -170.543 -171.225 -171.761 -172.142 -172.349 -172.356 -172.139 -171.694 -187.060 -197.459 -196.167 -194.593 -192.718 -190.545 -188.073 -185.315 -182.278 -178.935 -175.276 -171.291 -166.974 -162.329
-15.770 -15.492 -15.370 -15.404 -15.624 -16.326 -19.373 -20.471 -21.842 -23.467 -25.383 -27.518 -29.888 -32.521 -35.423 -38.577 -41.956 -46.613 -50.607 -54.794 -59.162 -63.672 -68.308 -73.056 -71.127 -75.654 -80.182 -84.690 -89.141 -93.514 -97.790 -101.946 -105.979 -109.881 -113.606 -117.130 -120.433 -123.508 -126.350 -128.940 -131.300 -133.453 -135.409 -137.195 -138.825 -147.793 -149.234 -150.562 -165.037 -166.213 -167.262 -168.188 -168.990 -169.664 -170.187 -170.537 -170.691 -170.638 -170.376 -169.908 -169.238 -184.141 -182.874 -192.526 -190.652 -188.496 -186.062 -183.321 -180.257 -176.854 -173.105 -169.006
-11.308 -10.877 -10.603 -11.068 -11.245 -13.574 -14.309 -15.287 -16.545 -18.653 -20.423 -22.464 -24.761 -27.330 -30.181 -33.296 -36.645 -40.202 -43.937 -47.857 -51.951 -57.828 -62.504 -61.171 -65.727 -70.317 -74.913 -79.487 -80.504 -84.633 -92.782 -96.995 -101.082 -105.030 -108.797 -112.356 -115.689 -118.790 -121.655 -124.267 -126.654 -128.837 -130.833 -132.670 -134.362 -135.929 -137.393 -138.766 -140.039 -148.531 -162.903 -164.051 -165.101 -166.044 -166.866 -167.539 -168.043 -168.368 -168.508 -168.467 -168.245 -167.822 -167.175 -166.302 -180.671 -179.178 -177.450 -186.335 -183.905 -181.131 -178.003 -174.508
-8.099 -8.346 -8.120 -8.056 -8.182 -8.541 -9.150 -10.007 -12.276 -13.675 -15.354 -17.313 -19.535 -22.035 -24.830 -27.899 -31.210 -34.738 -38.455 -42.367 -46.463 -50.704 -49.904 -54.098 -58.374 -64.741 -67.002 -71.298 -75.538 -79.702 -83.772 -87.726 -91.558 -95.263 -103.538 -107.107 -110.448 -113.550 -116.413 -119.023 -121.410 -123.598 -125.607 -127.466 -129.196 -130.811 -132.345 -133.805 -135.186 -136.483 -137.709 -138.868 -152.085 -161.376 -162.473 -163.449 -164.284 -164.962 -165.483 -165.855 -166.069 -166.109 -165.947 -165.580 -164.996 -164.193 -163.181 -177.037 -186.222 -184.112 -181.643 -178.800
-4.324 -3.803 -3.446 -3.252 -3.251 -3.487 -5.532 -6.320 -7.375 -8.677 -10.264 -12.137 -14.283 -16.714 -19.449 -22.466 -25.732 -29.224 -32.914 -36.805 -40.890 -40.535 -44.621 -48.824 -53.112 -57.442 -61.778 -66.095 -70.352 -74.530 -78.610 -82.569 -79.800 -83.267 -86.569 -89.682 -92.593 -95.293 -102.258 -113.264 -115.625 -117.791 -119.784 -121.638 -123.378 -125.018 -126.592 -128.113 -129.576 -130.976 -132.328 -133.637 -134.906 -148.049 -149.275 -158.315 -159.455 -160.468 -161.352 -162.114 -162.747 -163.232 -163.542 -163.672 -163.608 -163.343 -162.882 -162.181 -161.224 -169.474 -183.979 -181.821
0.058 0.701 1.179 1.492 -0.236 -0.453 -0.903 -1.589 -2.546 -3.754 -5.250 -7.038 -9.106 -11.464 -14.134 -17.094 -20.306 -23.751 -27.402 -31.260 -35.318 -35.247 -39.319 -43.509 -47.791 -52.119 -56.454 -60.770 -65.023 -69.191 -67.418 -71.119 -74.694 -78.132 -81.402 -84.476 -87.343 -89.998 -92.444 -94.670 -104.542 -111.499 -113.450 -115.273 -116.996 -118.633 -120.223 -121.778 -123.297 -124.779 -126.236 -127.671 -129.092 -130.488 -131.841 -133.136 -146.179 -147.355 -148.426 -157.347 -158.378 -159.287 -160.053 -160.663 -161.104 -161.365 -161.451 -161.314 -160.936 -169.729 -168.794 -167.515
4.309 5.064 3.652 3.935 4.037 3.918 3.566 2.975 2.112 0.997 -0.411 -2.115 -4.104 -6.389 -8.990 -11.884 -15.035 -18.422 -22.021 -25.833 -29.847 -30.047 -34.087 -38.249 -42.505 -46.809 -51.120 -55.410 -59.634 -58.475 -62.258 -65.917 -69.444 -72.830 -76.040 -79.051 -81.852 -84.438 -86.813 -88.972 -90.942 -100.391 -102.192 -103.881 -105.491 -111.735 -113.313 -114.875 -116.424 -117.960 -119.495 -121.037 -122.586 -124.136 -125.668 -127.165 -128.605 -129.982 -142.915 -144.217 -145.447 -146.591 -147.621 -156.606 -157.531 -158.304 -158.925 -159.342 -159.535 -159.475 -168.494 -167.883
6.332 7.014 7.542 7.917 8.110 8.082 7.821 7.320 6.546 5.520 4.197 2.577 0.668 -1.539 -4.065 -6.888 -9.971 -13.292 -16.828 -20.578 -24.533 -24.990 -28.981 -33.095 -37.302 -41.559 -45.822 -50.061 -54.229 -53.321 -57.040 -60.630 -64.084 -67.394 -70.521 -73.446 -76.157 -78.651 -80.934 -83.001 -84.883 -86.606 -95.598 -97.211 -98.758 -100.251 -101.731 -103.212 -109.009 -110.575 -112.165 -113.787 -115.443 -117.123 -118.811 -120.489 -122.135 -123.743 -125.309 -126.842 -128.338 -129.775 -131.134 -139.071 -152.932 -154.192 -155.328 -156.282 -157.034 -157.549 -157.802 -157.756
9.808 10.567 11.175 11.630 11.905 11.961 11.784 11.368 10.677 9.733 8.493 6.954 5.127 2.999 0.552 -2.193 -5.199 -8.443 -11.905 -15.579 -19.461 -20.159 -24.083 -28.130 -32.267 -36.451 -40.641 -44.803 -48.888 -48.211 -51.843 -55.340 -58.697 -61.905 -64.925 -67.741 -70.339 -72.718 -74.888 -76.842 -78.612 -80.227 -88.727 -90.242 -91.702 -93.123 -94.548 -95.994 -97.458 -98.950 -100.478 -106.020 -107.756 -109.543 -111.363 -113.197 -115.026 -116.841 -118.641 -120.433 -122.212 -123.958 -125.649 -127.278 -135.203 -136.868 -138.439 -139.865 -153.505 -154.581 -155.408 -155.959
12.986 13.810 14.484 15.010 15.356 15.486 15.384 15.045 14.434 13.569 12.409 10.951 9.206 7.160 4.794 2.133 -0.788 -3.948 -7.325 -10.912 -14.707 -18.669 -19.465 -23.424 -27.470 -31.559 -35.650 -39.711 -43.686 -43.216 -46.733 -50.112 -53.347 -56.428 -59.316 -61.997 -64.458 -66.701 -68.734 -70.554 -72.192 -73.679 -81.645 -83.040 -84.393 -85.721 -87.068 -88.454 -89.878 -91.354 -92.888 -94.491 -96.166 -97.900 -103.404 -105.372 -107.359 -109.360 -111.372 -113.399 -115.440 -117.471 -119.470 -121.430 -129.194 -131.268 -133.273 -135.158 -136.898 -138.459 -139.811 -140.921
15.825 16.700 17.429 18.013 18.419 18.614 18.579 18.310 17.773 16.985 15.902 14.524 12.861 10.897 8.616 6.042 3.212 0.147 -3.133 -6.624 -10.317 -14.175 -15.169 -19.024 -22.958 -26.931 -30.901 -34.834 -38.674 -42.399 -41.762 -44.998 -48.084 -51.015 -53.750 -56.274 -58.578 -60.664 -62.540 -64.204 -65.691 -67.031 -74.432 -75.689 -76.916 -78.130 -79.378 -80.683 -82.049 -83.484 -85.002 -86.614 -88.318 -90.107 -91.965 -93.875 -95.817 -97.787 -103.594 -105.833 -108.108 -110.399 -112.682 -114.950 -117.181 -124.943 -127.354 -129.669 -131.864 -133.902 -135.751 -137.377
18.272 19.185 19.955 20.519 20.921 21.102 21.045 20.743 20.643 19.927 18.918 17.619 16.039 14.159 11.965 9.485 6.752 3.790 0.616 -2.763 -6.341 -10.080 -11.245 -14.978 -18.780 -22.613 -26.439 -30.221 -33.902 -37.458 -36.980 -40.048 -42.964 -45.721 -48.280 -50.627 -52.754 -54.662 -56.363 -57.854 -59.172 -65.985 -67.154 -68.257 -69.340 -70.419 -71.552 -72.758 -74.043 -75.418 -76.896 -78.493 -80.203 -82.022 -83.934 -85.923 -87.969 -90.067 -95.390 -97.813 -100.298 -102.824 -105.364 -107.912 -110.449 -117.971 -120.759 -123.475 -126.096 -128.583 -130.901 -133.016
20.503 21.418 22.188 22.813 23.260 23.493 23.493 23.255 22.743 22.362 21.427 20.205 18.708 16.916 14.816 12.432 9.804 6.951 3.893 0.634 -2.816 -6.418 -10.145 -11.318 -14.968 -18.641 -22.300 -25.910 -29.409 -32.772 -35.999 -35.305 -38.028 -40.590 -42.954 -45.103 -47.033 -48.747 -50.253 -51.555 -57.786 -58.884 -59.873 -60.804 -61.726 -62.659 -63.658 -64.747 -65.931 -67.225 -68.642 -70.201 -71.894 -73.719 -75.662 -77.704 -79.831 -82.032 -84.309 -89.420 -92.088 -94.820 -97.593 -100.396 -103.211 -106.030 -113.576 -116.664 -119.680 -122.585 -125.342 -127.917
