decompensative_anomalies.grd
DSAA
         561         521
    -2800.000000     2800.000000
    -2600.000000     2600.000000
        -347         271
[rows 128 to 159 of 521, columns 213 to 283 of 561]
26.367 22.973 19.276 15.500 12.095 9.382 7.262 5.354 3.402 1.520 0.072 -0.630 -0.553 0.068 0.901 1.693 2.402 3.162 4.139 5.435 7.047 8.868 10.753 12.556 14.168 15.510 16.453 16.843 16.625 15.903 14.894 13.818 12.885 12.327 12.313 12.774 13.399 13.869 14.112 14.253 14.407 14.595 14.922 15.681 17.161 19.344 21.876 24.328 26.441 28.055 28.955 28.786 27.129 23.650 18.466 12.466 7.138 3.845 3.082 4.322 6.411 8.192 9.021 8.989 8.761 8.964 9.573 9.803 8.693 5.910 2.088
19.968 16.704 12.951 8.996 5.442 2.741 0.829 -0.720 -2.292 -3.974 -5.594 -6.839 -7.381 -7.051 -5.989 -4.639 -3.402 -2.389 -1.410 -0.173 1.470 3.426 5.474 7.429 9.241 10.947 12.483 13.655 14.283 14.308 13.793 12.875 11.786 10.907 10.621 11.030 11.870 12.742 13.423 13.892 14.172 14.283 14.395 14.901 16.188 18.329 21.046 23.920 26.597 28.763 30.096 30.234 28.834 25.629 20.704 14.762 9.018 4.679 2.419 2.206 3.432 5.194 6.707 7.713 8.551 9.687 11.114 12.132 11.769 9.479 5.597
12.973 9.921 6.231 2.258 -1.289 -3.879 -5.562 -6.788 -8.012 -9.462 -11.126 -12.719 -13.706 -13.586 -12.309 -10.421 -8.578 -7.086 -5.794 -4.358 -2.620 -0.722 1.078 2.661 4.153 5.784 7.605 9.427 10.973 11.983 12.278 11.808 10.775 9.692 9.150 9.438 10.387 11.584 12.698 13.553 14.031 14.066 13.832 13.815 14.565 16.358 19.074 22.311 25.568 28.326 30.120 30.572 29.419 26.480 21.852 16.140 10.390 5.674 2.684 1.610 2.180 3.769 5.661 7.416 9.070 10.866 12.814 14.415 14.830 13.352 9.908
5.519 2.718 -0.796 -4.580 -7.850 -10.075 -11.365 -12.226 -13.136 -14.345 -15.894 -17.537 -18.674 -18.646 -17.266 -15.073 -12.815 -10.896 -9.222 -7.495 -5.647 -3.915 -2.573 -1.625 -0.740 0.508 2.303 4.534 6.913 9.010 10.348 10.608 9.885 8.772 8.035 8.147 9.075 10.449 11.882 13.071 13.753 13.754 13.206 12.657 12.823 14.195 16.804 20.265 23.964 27.233 29.485 30.282 29.363 26.605 22.182 16.726 11.245 6.736 3.812 2.624 2.975 4.432 6.459 8.612 10.714 12.801 14.926 16.874 18.053 17.649 15.118
-1.874 -4.312 -7.497 -10.914 -13.711 -15.382 -16.143 -16.598 -17.217 -18.174 -19.464 -20.899 -21.965 -22.012 -20.755 -18.615 -16.297 -14.232 -12.385 -10.522 -8.650 -7.079 -6.102 -5.653 -5.281 -4.447 -2.846 -0.447 2.551 5.628 8.046 9.202 9.034 8.123 7.327 7.261 8.037 9.375 10.887 12.218 13.035 13.096 12.472 11.695 11.547 12.633 15.075 18.511 22.308 25.792 28.348 29.454 28.763 26.161 21.934 16.831 11.879 8.000 5.671 4.893 5.392 6.824 8.825 11.049 13.234 15.297 17.359 19.490 21.370 22.143 20.830
-8.676 -10.574 -13.231 -16.154 -18.450 -19.602 -19.883 -19.969 -20.321 -21.012 -21.963 -23.063 -23.970 -24.138 -23.206 -21.415 -19.358 -17.480 -15.802 -14.116 -12.413 -10.996 -10.167 -9.882 -9.714 -9.120 -7.704 -5.261 -1.842 2.020 5.412 7.511 8.091 7.633 6.973 6.790 7.318 8.398 9.707 10.934 11.788 12.039 11.696 11.169 11.140 12.182 14.439 17.590 21.077 24.341 26.846 28.042 27.486 25.052 21.147 16.643 12.539 9.584 8.064 7.845 8.605 10.044 11.908 13.953 15.946 17.808 19.740 22.007 24.474 26.290 26.187
-14.599 -15.864 -17.847 -20.206 -22.083 -22.912 -22.910 -22.743 -22.866 -23.314 -23.964 -24.750 -25.481 -25.740 -25.139 -23.772 -22.125 -20.652 -19.418 -18.208 -16.922 -15.757 -14.987 -14.630 -14.389 -13.812 -12.463 -9.981 -6.258 -1.786 2.436 5.444 6.872 7.058 6.732 6.560 6.861 7.605 8.568 9.541 10.351 10.859 11.034 11.107 11.532 12.744 14.869 17.641 20.587 23.276 25.308 26.214 25.560 23.253 19.804 16.152 13.170 11.323 10.647 10.923 11.878 13.282 14.930 16.644 18.291 19.910 21.785 24.223 27.118 29.613 30.340
-19.483 -20.204 -21.524 -23.311 -24.838 -25.512 -25.418 -25.130 -25.108 -25.426 -25.944 -26.549 -27.091 -27.270 -26.780 -25.682 -24.391 -23.339 -22.622 -22.023 -21.339 -20.614 -20.014 -19.577 -19.151 -18.431 -17.029 -14.502 -10.603 -5.729 -0.880 2.904 5.156 6.072 6.256 6.312 6.593 7.166 7.897 8.657 9.376 10.032 10.620 11.244 12.149 13.622 15.760 18.314 20.819 22.867 24.169 24.434 23.395 21.082 18.079 15.317 13.493 12.764 12.902 13.619 14.723 16.078 17.506 18.872 20.180 21.636 23.582 26.240 29.366 32.054 32.983
-23.050 -23.415 -24.222 -25.499 -26.688 -27.244 -27.144 -26.850 -26.831 -27.229 -27.864 -28.460 -28.775 -28.620 -27.901 -26.796 -25.682 -24.926 -24.620 -24.577 -24.543 -24.403 -24.155 -23.770 -23.181 -22.253 -20.751 -18.271 -14.470 -9.579 -4.484 -0.213 2.697 4.331 5.170 5.725 6.326 7.084 7.907 8.669 9.317 9.905 10.514 11.267 12.362 14.030 16.346 19.019 21.464 23.148 23.788 23.289 21.661 19.135 16.350 14.179 13.181 13.319 14.175 15.363 16.704 18.107 19.423 20.576 21.707 23.171 25.325 28.229 31.409 33.859 34.380
-24.895 -25.021 -25.468 -26.340 -27.226 -27.674 -27.617 -27.438 -27.606 -28.302 -29.267 -29.984 -30.039 -29.342 -28.102 -26.724 -25.603 -24.998 -24.949 -25.302 -25.797 -26.212 -26.374 -26.149 -25.491 -24.418 -22.912 -20.708 -17.424 -13.063 -8.263 -3.928 -0.615 1.659 3.243 4.520 5.743 7.016 8.246 9.258 9.931 10.316 10.588 11.012 11.917 13.615 16.202 19.301 22.136 23.930 24.281 23.199 20.958 18.015 15.058 12.906 12.089 12.571 13.905 15.606 17.384 19.067 20.506 21.698 22.905 24.575 27.026 30.145 33.240 35.201 34.972
-24.816 -24.702 -24.854 -25.426 -26.124 -26.565 -26.660 -26.726 -27.212 -28.302 -29.647 -30.508 -30.294 -28.982 -27.092 -25.308 -24.086 -23.574 -23.708 -24.310 -25.130 -25.897 -26.350 -26.292 -25.690 -24.673 -23.406 -21.781 -19.400 -16.029 -11.982 -7.957 -4.500 -1.731 0.555 2.597 4.541 6.439 8.189 9.578 10.398 10.632 10.499 10.422 10.940 12.528 15.340 18.950 22.425 24.751 25.313 24.078 21.453 18.054 14.605 11.889 10.503 10.622 11.987 14.106 16.493 18.756 20.643 22.178 23.703 25.700 28.431 31.648 34.529 35.937 34.960
-23.122 -22.733 -22.559 -22.872 -23.502 -24.101 -24.505 -24.930 -25.763 -27.172 -28.761 -29.667 -29.176 -27.313 -24.839 -22.694 -21.427 -21.082 -21.438 -22.221 -23.160 -24.007 -24.537 -24.597 -24.204 -23.541 -22.848 -22.077 -20.785 -18.529 -15.344 -11.757 -8.323 -5.256 -2.472 0.157 2.667 5.044 7.189 8.902 9.930 10.179 9.845 9.442 9.665 11.107 13.980 17.892 21.904 24.898 26.065 25.200 22.668 19.103 15.193 11.644 9.143 8.207 8.983 11.168 14.130 17.163 19.778 21.913 23.916 26.275 29.199 32.369 34.937 35.842 34.329
-20.635 -19.953 -19.353 -19.303 -19.844 -20.664 -21.472 -22.302 -23.430 -25.001 -26.628 -27.437 -26.687 -24.435 -21.592 -19.281 -18.140 -18.123 -18.817 -19.774 -20.681 -21.376 -21.798 -21.951 -21.924 -21.893 -22.041 -22.257 -21.990 -20.633 -18.055 -14.736 -11.323 -8.146 -5.191 -2.370 0.315 2.824 5.093 6.978 8.217 8.634 8.378 7.979 8.167 9.532 12.282 16.127 20.296 23.766 25.646 25.550 23.678 20.535 16.639 12.505 8.823 6.441 6.036 7.704 10.849 14.512 17.891 20.715 23.252 25.966 29.038 32.113 34.378 34.900 33.087
-18.223 -17.243 -16.122 -15.548 -15.836 -16.776 -17.933 -19.105 -20.414 -21.979 -23.474 -24.098 -23.155 -20.734 -17.808 -15.596 -14.793 -15.277 -16.421 -17.562 -18.329 -18.712 -18.914 -19.165 -19.621 -20.372 -21.435 -22.557 -23.079 -22.283 -19.956 -16.626 -13.123 -9.960 -7.198 -4.704 -2.386 -0.195 1.905 3.823 5.262 5.949 5.971 5.842 6.249 7.669 10.227 13.730 17.663 21.236 23.637 24.396 23.562 21.439 18.266 14.243 9.901 6.260 4.448 5.042 7.695 11.406 15.156 18.448 21.416 24.460 27.724 30.813 32.927 33.240 31.306
-16.513 -15.240 -13.567 -12.358 -12.220 -13.094 -14.432 -15.778 -17.080 -18.452 -19.670 -20.068 -19.043 -16.703 -14.000 -12.152 -11.872 -12.973 -14.624 -15.938 -16.490 -16.459 -16.373 -16.707 -17.660 -19.161 -20.998 -22.781 -23.822 -23.371 -21.152 -17.705 -14.055 -10.986 -8.707 -7.000 -5.543 -4.049 -2.330 -0.459 1.171 2.153 2.514 2.764 3.537 5.168 7.646 10.812 14.351 17.731 20.319 21.714 21.924 21.103 19.220 16.116 12.034 7.908 5.049 4.388 5.935 8.904 12.299 15.529 18.608 21.842 25.292 28.487 30.600 30.868 28.964
-15.781 -14.289 -12.135 -10.306 -9.669 -10.338 -11.682 -12.996 -14.056 -14.997 -15.757 -15.865 -14.846 -12.804 -10.581 -9.284 -9.591 -11.281 -13.377 -14.812 -15.122 -14.667 -14.276 -14.647 -15.991 -18.058 -20.410 -22.584 -23.981 -23.905 -21.973 -18.599 -14.910 -11.997 -10.315 -9.593 -9.207 -8.555 -7.296 -5.545 -3.829 -2.675 -2.083 -1.521 -0.370 1.602 4.245 7.328 10.597 13.693 16.198 17.889 18.867 19.256 18.864 17.261 14.351 10.771 7.689 6.123 6.384 8.052 10.405 12.953 15.675 18.758 22.146 25.294 27.368 27.678 26.000
-15.756 -14.262 -11.846 -9.566 -8.479 -8.864 -10.056 -11.152 -11.773 -12.087 -12.230 -11.969 -10.992 -9.372 -7.757 -7.033 -7.788 -9.823 -12.153 -13.640 -13.789 -13.051 -12.433 -12.781 -14.325 -16.690 -19.305 -21.721 -23.499 -24.025 -22.743 -19.803 -16.286 -13.561 -12.390 -12.523 -13.069 -13.141 -12.315 -10.813 -9.283 -8.277 -7.746 -7.094 -5.677 -3.307 -0.257 3.081 6.353 9.259 11.576 13.314 14.743 16.062 17.054 17.147 15.965 13.759 11.340 9.563 8.867 9.188 10.189 11.627 13.526 15.978 18.832 21.546 23.382 23.780 22.594
-15.741 -14.587 -12.285 -9.848 -8.404 -8.377 -9.179 -9.862 -9.961 -9.658 -9.236 -8.674 -7.807 -6.649 -5.605 -5.277 -6.135 -8.092 -10.332 -11.807 -11.988 -11.260 -10.610 -10.925 -12.472 -14.880 -17.585 -20.227 -22.518 -23.877 -23.537 -21.317 -18.155 -15.608 -14.741 -15.414 -16.584 -17.173 -16.760 -15.708 -14.742 -14.328 -14.263 -13.836 -12.347 -9.614 -6.025 -2.191 1.333 4.215 6.394 8.117 9.850 11.902 14.089 15.785 16.430 15.949 14.761 13.433 12.365 11.718 11.496 11.724 12.500 13.879 15.711 17.598 19.020 19.589 19.196
-14.961 -14.513 -12.823 -10.641 -8.966 -8.315 -8.359 -8.370 -7.947 -7.254 -6.602 -6.046 -5.466 -4.773 -4.133 -3.894 -4.450 -5.908 -7.774 -9.221 -9.687 -9.333 -8.914 -9.236 -10.635 -12.885 -15.570 -18.461 -21.347 -23.602 -24.252 -22.832 -20.106 -17.709 -16.946 -17.855 -19.385 -20.388 -20.473 -20.108 -20.033 -20.557 -21.267 -21.303 -19.909 -16.909 -12.804 -8.421 -4.531 -1.534 0.628 2.418 4.474 7.200 10.424 13.494 15.744 16.890 17.054 16.528 15.595 14.508 13.486 12.730 12.381 12.490 13.028 13.877 14.831 15.677 16.274
-13.166 -13.629 -12.984 -11.477 -9.736 -8.298 -7.243 -6.328 -5.401 -4.606 -4.147 -3.977 -3.881 -3.619 -3.178 -2.773 -2.809 -3.612 -5.042 -6.534 -7.502 -7.797 -7.806 -8.162 -9.290 -11.215 -13.771 -16.858 -20.261 -23.261 -24.735 -24.038 -21.779 -19.553 -18.781 -19.706 -21.422 -22.837 -23.585 -24.118 -25.089 -26.615 -28.089 -28.549 -27.244 -24.066 -19.624 -14.890 -10.752 -7.645 -5.421 -3.468 -1.035 2.321 6.422 10.582 14.077 16.510 17.824 18.125 17.594 16.512 15.201 13.919 12.771 11.791 11.111 10.961 11.484 12.621 14.156
-10.787 -12.016 -12.479 -11.827 -10.192 -8.038 -5.866 -4.009 -2.654 -1.936 -1.887 -2.263 -2.672 -2.727 -2.327 -1.698 -1.335 -1.725 -2.957 -4.652 -6.206 -7.192 -7.629 -7.959 -8.701 -10.167 -12.469 -15.616 -19.345 -22.839 -24.903 -24.820 -23.066 -21.084 -20.267 -21.039 -22.764 -24.557 -26.070 -27.608 -29.581 -31.881 -33.771 -34.319 -32.923 -29.635 -25.157 -20.480 -16.451 -13.435 -11.200 -9.071 -6.290 -2.439 2.290 7.210 11.564 14.887 17.023 17.991 17.931 17.143 15.983 14.688 13.265 11.694 10.222 9.370 9.573 10.886 13.023
-8.593 -10.037 -11.123 -11.073 -9.602 -7.050 -4.175 -1.731 -0.153 0.438 0.159 -0.594 -1.312 -1.534 -1.158 -0.492 -0.119 -0.568 -1.970 -3.989 -5.999 -7.423 -8.057 -8.226 -8.530 -9.510 -11.498 -14.585 -18.452 -22.215 -24.670 -25.091 -23.842 -22.150 -21.275 -21.768 -23.331 -25.384 -27.634 -30.151 -32.978 -35.723 -37.583 -37.800 -36.085 -32.741 -28.536 -24.358 -20.865 -18.242 -16.154 -13.938 -10.938 -6.829 -1.808 3.490 8.324 12.183 14.852 16.325 16.747 16.427 15.704 14.751 13.488 11.852 10.149 9.047 9.124 10.470 12.752
-7.321 -8.207 -9.005 -8.875 -7.383 -4.765 -1.813 0.622 2.090 2.539 2.163 1.353 0.573 0.238 0.419 0.770 0.717 -0.181 -1.951 -4.202 -6.315 -7.727 -8.223 -8.123 -8.071 -8.705 -10.460 -13.465 -17.370 -21.260 -23.943 -24.709 -23.843 -22.386 -21.446 -21.654 -23.009 -25.242 -28.133 -31.520 -35.056 -38.037 -39.618 -39.289 -37.148 -33.787 -30.020 -26.570 -23.830 -21.760 -19.920 -17.715 -14.664 -10.588 -5.677 -0.440 4.486 8.601 11.647 13.590 14.567 14.837 14.648 14.091 13.081 11.613 10.061 9.101 9.265 10.576 12.670
-7.341 -7.032 -6.637 -5.618 -3.697 -1.113 1.465 3.380 4.402 4.638 4.290 3.607 2.848 2.292 1.992 1.682 0.946 -0.471 -2.452 -4.579 -6.323 -7.292 -7.408 -7.051 -6.844 -7.387 -9.094 -12.092 -16.020 -19.956 -22.718 -23.606 -22.875 -21.490 -20.484 -20.542 -21.851 -24.350 -27.859 -32.030 -36.196 -39.393 -40.741 -39.953 -37.469 -34.133 -30.775 -27.939 -25.777 -24.078 -22.369 -20.178 -17.230 -13.493 -9.125 -4.425 0.203 4.361 7.754 10.265 11.936 12.881 13.173 12.816 11.829 10.413 9.065 8.395 8.759 10.042 11.867
-8.470 -6.711 -4.633 -2.186 0.545 3.206 5.284 6.446 6.806 6.681 6.282 5.659 4.817 3.866 2.887 1.806 0.459 -1.195 -2.969 -4.531 -5.554 -5.877 -5.583 -5.080 -4.912 -5.565 -7.374 -10.438 -14.399 -18.325 -21.030 -21.814 -20.958 -19.472 -18.426 -18.554 -20.105 -23.069 -27.234 -32.106 -36.821 -40.266 -41.572 -40.610 -38.042 -34.845 -31.804 -29.289 -27.285 -25.546 -23.693 -21.436 -18.692 -15.535 -12.047 -8.249 -4.213 -0.154 3.603 6.784 9.235 10.841 11.461 11.037 9.766 8.149 6.844 6.387 6.933 8.237 9.914
-9.912 -6.830 -3.138 0.732 4.304 7.074 8.669 9.058 8.674 8.047 7.417 6.677 5.610 4.202 2.621 1.025 -0.514 -1.922 -3.070 -3.824 -4.083 -3.864 -3.310 -2.786 -2.732 -3.530 -5.452 -8.582 -12.560 -16.435 -18.996 -19.543 -18.415 -16.739 -15.698 -16.063 -18.049 -21.573 -26.332 -31.730 -36.821 -40.481 -41.913 -41.104 -38.809 -35.994 -33.307 -30.944 -28.803 -26.715 -24.499 -22.084 -19.542 -16.999 -14.431 -11.580 -8.186 -4.262 -0.164 3.646 6.773 8.856 9.583 8.887 7.176 5.229 3.841 3.485 4.171 5.563 7.260
-10.711 -6.668 -1.839 2.966 6.990 9.654 10.713 10.365 9.257 8.080 7.111 6.139 4.812 3.076 1.241 -0.335 -1.485 -2.201 -2.541 -2.577 -2.342 -1.877 -1.273 -0.800 -0.818 -1.664 -3.603 -6.726 -10.670 -14.447 -16.817 -17.091 -15.684 -13.844 -12.850 -13.477 -15.846 -19.753 -24.811 -30.408 -35.632 -39.442 -41.142 -40.790 -39.137 -37.023 -34.893 -32.768 -30.509 -28.072 -25.483 -22.863 -20.406 -18.253 -16.284 -14.055 -11.088 -7.262 -2.949 1.244 4.727 6.971 7.588 6.565 4.476 2.267 0.800 0.509 1.328 2.859 4.656
-10.337 -5.764 -0.438 4.610 8.510 10.716 11.129 10.091 8.364 6.724 5.465 4.314 2.857 1.082 -0.550 -1.575 -1.904 -1.753 -1.410 -1.057 -0.708 -0.299 0.189 0.575 0.531 -0.282 -2.154 -5.210 -9.077 -12.723 -14.883 -14.905 -13.286 -11.351 -10.401 -11.154 -13.624 -17.509 -22.422 -27.852 -33.021 -36.993 -39.124 -39.473 -38.717 -37.534 -36.158 -34.468 -32.313 -29.746 -26.938 -24.143 -21.625 -19.524 -17.676 -15.585 -12.734 -8.970 -4.658 -0.458 2.966 5.050 5.442 4.199 1.952 -0.328 -1.788 -2.002 -1.059 0.592 2.428
-9.055 -4.354 0.898 5.616 8.972 10.528 10.303 8.719 6.571 4.660 3.290 2.167 0.871 -0.575 -1.648 -1.898 -1.407 -0.620 0.033 0.390 0.569 0.770 1.091 1.379 1.306 0.519 -1.297 -4.295 -8.093 -11.618 -13.589 -13.407 -11.649 -9.661 -8.684 -9.325 -11.522 -14.964 -19.366 -24.398 -29.456 -33.674 -36.380 -37.550 -37.749 -37.513 -36.926 -35.770 -33.899 -31.423 -28.591 -25.708 -23.060 -20.776 -18.699 -16.404 -13.473 -9.799 -5.718 -1.849 1.188 2.917 3.092 1.818 -0.333 -2.491 -3.861 -4.008 -3.017 -1.373 0.346
-7.604 -3.096 1.703 5.811 8.526 9.521 8.870 7.012 4.711 2.757 1.485 0.650 -0.150 -0.941 -1.310 -0.940 -0.041 0.857 1.351 1.405 1.300 1.331 1.580 1.830 1.715 0.886 -0.955 -3.954 -7.719 -11.150 -12.971 -12.645 -10.815 -8.801 -7.719 -8.054 -9.728 -12.518 -16.292 -20.890 -25.837 -30.308 -33.580 -35.516 -36.551 -37.103 -37.167 -36.485 -34.937 -32.668 -29.953 -27.091 -24.340 -21.810 -19.395 -16.808 -13.784 -10.281 -6.586 -3.221 -0.701 0.631 0.659 -0.493 -2.382 -4.309 -5.564 -5.715 -4.825 -3.377 -1.939
-6.614 -2.552 1.597 5.056 7.266 7.958 7.199 5.387 3.205 1.400 0.368 -0.022 -0.133 -0.133 0.133 0.786 1.582 2.074 2.012 1.552 1.143 1.145 1.541 1.942 1.879 1.002 -0.915 -3.945 -7.664 -10.976 -12.654 -12.238 -10.414 -8.428 -7.250 -7.250 -8.391 -10.589 -13.844 -18.071 -22.842 -27.377 -30.984 -33.480 -35.168 -36.330 -36.881 -36.559 -35.290 -33.253 -30.728 -27.968 -25.175 -22.445 -19.747 -16.933 -13.880 -10.597 -7.312 -4.441 -2.395 -1.395 -1.454 -2.438 -4.039 -5.740 -6.937 -7.211 -6.598 -5.533 -4.492
-6.389 -2.928 0.541 3.461 5.364 5.982 5.345 3.795 1.914 0.369 -0.408 -0.411 0.066 0.728 1.454 2.164 2.610 2.469 1.661 0.547 -0.219 -0.168 0.583 1.406 1.626 0.842 -1.078 -4.059 -7.607 -10.672 -12.140 -11.656 -9.908 -8.039 -6.870 -6.684 -7.492 -9.326 -12.248 -16.149 -20.588 -24.879 -28.493 -31.307 -33.510 -35.196 -36.160 -36.129 -35.086 -33.257 -30.925 -28.286 -25.489 -22.620 -19.720 -16.744 -13.666 -10.541 -7.566 -5.077 -3.392 -2.642 -2.765 -3.616 -4.990 -6.537 -7.764 -8.283 -8.096 -7.550 -6.980
