decompensative_anomalies.grd
DSAA
         561         521
    -2800.000000     2800.000000
    -2600.000000     2600.000000
        -347         271
[rows 0 to 31 of 521, columns 355 to 425 of 561]
49.708 47.976 46.126 44.292 42.630 41.266 40.239 39.488 38.882 38.320 37.896 37.990 39.120 41.617 45.363 49.806 54.219 58.034 61.080 63.550 65.723 67.687 69.322 70.513 71.346 72.094 73.049 74.378 76.034 77.732 79.066 79.752 79.844 79.724 79.837 80.429 81.462 82.665 83.636 84.000 83.604 82.606 81.357 80.186 79.258 78.587 78.107 77.754 77.484 77.246 76.946 76.445 75.588 74.273 72.505 70.420 68.248 66.252 64.656 63.641 63.311 63.660 64.566 65.848 67.366 69.042 70.795 72.512 74.093 75.517 76.817
48.621 47.170 45.682 44.243 42.951 41.876 41.019 40.323 39.709 39.154 38.777 38.899 39.953 42.250 45.746 49.968 54.221 57.930 60.937 63.486 65.892 68.212 70.247 71.815 72.978 74.032 75.294 76.926 78.835 80.674 81.987 82.473 82.219 81.671 81.363 81.617 82.443 83.587 84.627 85.134 84.889 84.011 82.860 81.798 80.996 80.445 80.061 79.776 79.561 79.375 79.113 78.616 77.722 76.336 74.487 72.333 70.123 68.125 66.544 65.520 65.139 65.410 66.251 67.522 69.078 70.807 72.591 74.299 75.836 77.203 78.452
47.066 45.981 44.993 44.119 43.377 42.767 42.240 41.712 41.130 40.531 40.090 40.114 40.989 43.019 46.217 50.187 54.259 57.853 60.829 63.482 66.163 68.895 71.393 73.393 74.934 76.335 77.937 79.896 82.075 84.071 85.385 85.703 85.128 84.160 83.412 83.289 83.865 84.913 86.001 86.646 86.552 85.786 84.719 83.751 83.071 82.652 82.378 82.178 82.038 81.927 81.731 81.267 80.360 78.919 76.988 74.752 72.490 70.488 68.948 67.972 67.602 67.838 68.631 69.883 71.460 73.217 74.995 76.644 78.082 79.338 80.495
45.077 44.442 44.094 43.958 43.945 43.983 43.972 43.785 43.340 42.694 42.079 41.853 42.422 44.117 46.996 50.706 54.586 58.052 60.991 63.752 66.715 69.864 72.823 75.247 77.152 78.872 80.774 83.007 85.408 87.546 88.903 89.150 88.380 87.107 85.988 85.504 85.797 86.693 87.771 88.513 88.548 87.882 86.876 85.964 85.369 85.058 84.898 84.810 84.783 84.782 84.679 84.278 83.394 81.937 79.960 77.668 75.375 73.401 71.952 71.093 70.802 71.044 71.789 72.984 74.520 76.235 77.933 79.456 80.741 81.847 82.881
42.926 42.799 43.183 43.892 44.714 45.514 46.167 46.504 46.374 45.782 44.987 44.435 44.631 45.975 48.552 52.010 55.675 58.977 61.843 64.672 67.856 71.335 74.652 77.394 79.551 81.466 83.524 85.884 88.388 90.620 92.071 92.400 91.655 90.302 88.985 88.221 88.225 88.897 89.868 90.625 90.750 90.176 89.224 88.334 87.758 87.494 87.424 87.469 87.597 87.741 87.753 87.437 86.618 85.214 83.276 81.018 78.779 76.906 75.610 74.911 74.723 74.964 75.618 76.681 78.078 79.642 81.167 82.501 83.606 84.563 85.484
40.953 41.375 42.511 44.057 45.687 47.228 48.581 49.576 49.974 49.668 48.880 48.128 48.044 49.111 51.431 54.624 58.018 61.082 63.804 66.615 69.890 73.522 77.000 79.871 82.094 84.008 86.008 88.287 90.731 92.979 94.560 95.125 94.650 93.490 92.205 91.298 91.041 91.433 92.202 92.888 93.060 92.585 91.705 90.822 90.203 89.900 89.855 90.009 90.296 90.592 90.717 90.493 89.778 88.505 86.725 84.646 82.605 80.947 79.858 79.312 79.174 79.345 79.832 80.681 81.847 83.168 84.449 85.564 86.502 87.348 88.204
39.264 40.278 42.136 44.426 46.731 48.885 50.868 52.563 53.677 53.970 53.554 52.949 52.854 53.804 55.904 58.775 61.791 64.513 66.998 69.675 72.874 76.450 79.877 82.683 84.798 86.526 88.268 90.263 92.476 94.629 96.316 97.194 97.160 96.423 95.392 94.499 94.056 94.171 94.700 95.274 95.472 95.102 94.316 93.443 92.744 92.328 92.216 92.393 92.770 93.166 93.370 93.223 92.626 91.538 90.016 88.260 86.579 85.261 84.427 84.002 83.835 83.855 84.124 84.726 85.632 86.688 87.714 88.618 89.413 90.179 90.998
37.659 39.320 41.894 44.859 47.739 50.395 52.910 55.266 57.178 58.313 58.653 58.619 58.855 59.865 61.750 64.187 66.683 68.943 71.091 73.525 76.510 79.877 83.115 85.754 87.677 89.131 90.503 92.079 93.910 95.821 97.495 98.629 99.064 98.856 98.230 97.500 96.986 96.902 97.237 97.713 97.933 97.661 96.968 96.117 95.342 94.785 94.533 94.623 94.969 95.361 95.573 95.461 94.958 94.050 92.820 91.470 90.263 89.390 88.865 88.561 88.346 88.216 88.296 88.700 89.402 90.246 91.063 91.782 92.428 93.081 93.818
36.144 38.501 41.836 45.513 48.999 52.156 55.136 58.026 60.625 62.613 63.879 64.685 65.497 66.682 68.315 70.188 72.018 73.700 75.428 77.555 80.272 83.392 86.428 88.913 90.676 91.884 92.887 93.995 95.340 96.850 98.324 99.538 100.322 100.602 100.415 99.942 99.477 99.305 99.519 99.919 100.144 99.942 99.338 98.538 97.740 97.080 96.679 96.610 96.811 97.081 97.208 97.065 96.605 95.834 94.869 93.926 93.223 92.835 92.663 92.533 92.352 92.184 92.199 92.520 93.120 93.842 94.518 95.075 95.535 95.985 96.522
35.473 38.490 42.580 47.020 51.194 54.905 58.291 61.516 64.524 67.110 69.156 70.762 72.148 73.478 74.776 75.973 77.029 78.057 79.335 81.174 83.689 86.658 89.602 92.044 93.756 94.824 95.541 96.218 97.039 98.037 99.137 100.222 101.143 101.732 101.880 101.648 101.286 101.101 101.233 101.538 101.714 101.541 101.032 100.343 99.615 98.950 98.459 98.228 98.221 98.280 98.241 98.013 97.562 96.906 96.178 95.602 95.347 95.397 95.568 95.671 95.648 95.604 95.711 96.079 96.675 97.355 97.951 98.367 98.610 98.777 99.008
36.906 40.365 44.986 50.022 54.791 58.985 62.661 66.011 69.125 71.956 74.429 76.521 78.229 79.521 80.366 80.818 81.067 81.440 82.313 83.969 86.445 89.459 92.501 95.066 96.869 97.924 98.470 98.797 99.129 99.593 100.240 101.054 101.905 102.565 102.835 102.710 102.408 102.211 102.248 102.404 102.451 102.249 101.832 101.309 100.750 100.189 99.695 99.341 99.118 98.933 98.704 98.394 97.989 97.497 97.030 96.779 96.872 97.244 97.688 98.028 98.238 98.426 98.732 99.228 99.883 100.571 101.127 101.435 101.482 101.374 101.299
41.124 44.629 49.292 54.449 59.421 63.813 67.590 70.925 73.984 76.821 79.385 81.574 83.242 84.241 84.509 84.196 83.679 83.472 84.051 85.683 88.325 91.611 94.967 97.835 99.873 101.035 101.510 101.574 101.489 101.476 101.699 102.208 102.869 103.402 103.571 103.373 103.023 102.768 102.687 102.654 102.512 102.218 101.850 101.488 101.130 100.732 100.298 99.867 99.457 99.063 98.700 98.396 98.146 97.922 97.771 97.825 98.169 98.741 99.359 99.885 100.315 100.737 101.248 101.884 102.611 103.319 103.855 104.094 104.021 103.756 103.516
47.448 50.563 54.699 59.367 63.995 68.192 71.864 75.133 78.143 80.928 83.400 85.408 86.751 87.251 86.860 85.811 84.624 83.970 84.414 86.207 89.211 92.952 96.778 100.075 102.450 103.803 104.280 104.151 103.729 103.331 103.217 103.470 103.921 104.240 104.181 103.778 103.282 102.925 102.728 102.530 102.207 101.789 101.400 101.117 100.897 100.634 100.262 99.779 99.236 98.725 98.355 98.194 98.221 98.351 98.556 98.896 99.436 100.136 100.863 101.515 102.094 102.674 103.319 104.047 104.815 105.522 106.029 106.232 106.140 105.891 105.709
54.191 56.644 59.873 63.611 67.473 71.158 74.574 77.773 80.791 83.548 85.878 87.587 88.479 88.402 87.356 85.658 83.950 83.028 83.529 85.666 89.174 93.451 97.769 101.487 104.191 105.746 106.259 106.001 105.336 104.670 104.328 104.402 104.687 104.806 104.504 103.854 103.164 102.679 102.393 102.108 101.691 101.190 100.750 100.459 100.270 100.048 99.676 99.129 98.505 97.982 97.735 97.831 98.201 98.703 99.247 99.851 100.569 101.390 102.217 102.963 103.626 104.272 104.968 105.725 106.491 107.162 107.621 107.812 107.790 107.715 107.792
59.720 61.508 63.780 66.485 69.445 72.502 75.599 78.716 81.746 84.470 86.635 88.022 88.454 87.834 86.235 84.059 82.048 81.084 81.837 84.449 88.506 93.261 97.937 101.913 104.812 106.500 107.058 106.753 105.983 105.198 104.749 104.722 104.885 104.837 104.318 103.428 102.523 101.896 101.545 101.257 100.866 100.391 99.954 99.644 99.421 99.151 98.700 98.053 97.363 96.887 96.824 97.203 97.893 98.707 99.535 100.376 101.281 102.253 103.207 104.045 104.755 105.413 106.108 106.863 107.611 108.239 108.660 108.878 109.001 109.201 109.638
63.217 64.543 66.072 67.917 70.090 72.584 75.390 78.415 81.417 84.055 86.016 87.073 87.081 86.011 84.023 81.606 79.558 78.785 79.931 83.039 87.547 92.595 97.392 101.392 104.305 106.032 106.646 106.401 105.685 104.942 104.501 104.428 104.480 104.260 103.518 102.376 101.242 100.453 100.041 99.791 99.508 99.165 98.834 98.574 98.340 98.004 97.443 96.677 95.924 95.493 95.588 96.182 97.094 98.123 99.166 100.220 101.325 102.474 103.574 104.510 105.261 105.920 106.613 107.378 108.137 108.768 109.212 109.530 109.872 110.396 111.209
64.764 65.859 66.912 68.154 69.762 71.863 74.479 77.440 80.389 82.902 84.635 85.367 84.999 83.582 81.381 78.952 77.104 76.692 78.264 81.749 86.479 91.551 96.221 100.049 102.849 104.571 105.279 105.191 104.651 104.053 103.683 103.582 103.506 103.073 102.061 100.640 99.267 98.319 97.839 97.616 97.443 97.259 97.091 96.952 96.773 96.426 95.809 94.978 94.201 93.816 94.017 94.737 95.765 96.917 98.109 99.341 100.628 101.938 103.168 104.194 104.994 105.680 106.403 107.218 108.041 108.750 109.312 109.829 110.466 111.348 112.511
64.917 65.907 66.657 67.503 68.768 70.676 73.237 76.192 79.096 81.488 83.017 83.469 82.789 81.125 78.847 76.575 75.080 75.098 77.021 80.660 85.314 90.125 94.457 97.988 100.622 102.342 103.186 103.314 102.989 102.543 102.232 102.085 101.857 101.167 99.839 98.122 96.539 95.474 94.943 94.720 94.598 94.516 94.478 94.461 94.373 94.083 93.510 92.735 92.040 91.758 92.064 92.871 93.967 95.188 96.476 97.826 99.228 100.633 101.942 103.042 103.915 104.672 105.470 106.367 107.289 108.131 108.893 109.700 110.707 111.982 113.478
64.314 65.197 65.706 66.294 67.403 69.289 71.896 74.874 77.740 80.037 81.409 81.639 80.707 78.864 76.610 74.615 73.577 74.041 76.199 79.756 84.046 88.347 92.169 95.307 97.726 99.421 100.393 100.721 100.577 100.231 99.924 99.699 99.293 98.314 96.644 94.647 92.926 91.838 91.320 91.098 90.971 90.902 90.906 90.951 90.932 90.725 90.271 89.663 89.165 89.072 89.532 90.455 91.641 92.944 94.309 95.723 97.163 98.587 99.922 101.086 102.061 102.935 103.837 104.823 105.843 106.834 107.831 108.972 110.390 112.084 113.915
63.453 64.180 64.500 64.959 66.051 67.994 70.641 73.588 76.371 78.559 79.781 79.785 78.592 76.586 74.425 72.832 72.377 73.344 75.674 78.981 82.703 86.312 89.492 92.137 94.250 95.821 96.818 97.251 97.209 96.903 96.564 96.227 95.608 94.304 92.281 90.047 88.280 87.286 86.880 86.707 86.560 86.444 86.413 86.454 86.459 86.309 85.976 85.563 85.301 85.429 86.064 87.135 88.469 89.922 91.417 92.914 94.387 95.813 97.164 98.397 99.493 100.505 101.526 102.603 103.717 104.850 106.071 107.531 109.337 111.427 113.582
62.640 63.214 63.474 63.959 65.115 67.072 69.626 72.397 74.979 76.965 77.935 77.601 76.047 73.835 71.814 70.752 71.035 72.615 75.140 78.145 81.206 84.032 86.497 88.586 90.308 91.627 92.484 92.857 92.800 92.484 92.095 91.621 90.736 89.070 86.712 84.306 82.579 81.762 81.542 81.468 81.316 81.132 81.030 81.028 81.021 80.895 80.641 80.373 80.286 80.563 81.309 82.500 84.014 85.705 87.451 89.157 90.771 92.282 93.700 95.023 96.251 97.415 98.581 99.786 101.023 102.302 103.715 105.424 107.524 109.917 112.327
61.962 62.481 62.875 63.539 64.768 66.608 68.877 71.290 73.510 75.124 75.654 74.805 72.770 70.309 68.458 68.003 69.110 71.371 74.141 76.877 79.295 81.343 83.094 84.630 85.944 86.940 87.516 87.657 87.451 87.067 86.612 85.966 84.765 82.731 80.102 77.621 75.991 75.349 75.287 75.294 75.135 74.881 74.700 74.645 74.620 74.508 74.308 74.125 74.115 74.416 75.148 76.369 78.041 80.029 82.151 84.232 86.157 87.893 89.470 90.933 92.324 93.689 95.078 96.502 97.935 99.383 100.947 102.805 105.061 107.603 110.132
61.309 61.963 62.669 63.581 64.813 66.378 68.190 70.090 71.790 72.851 72.774 71.319 68.808 66.162 64.528 64.653 66.493 69.337 72.308 74.807 76.655 77.997 79.084 80.102 81.034 81.704 81.946 81.765 81.332 80.844 80.308 79.457 77.914 75.548 72.760 70.304 68.775 68.200 68.145 68.119 67.904 67.584 67.340 67.246 67.221 67.154 67.032 66.927 66.937 67.172 67.788 68.950 70.721 72.996 75.539 78.080 80.419 82.479 84.301 85.983 87.626 89.308 91.056 92.831 94.552 96.195 97.871 99.783 102.056 104.585 107.080
60.523 61.522 62.610 63.697 64.776 65.903 67.128 68.408 69.481 69.900 69.209 67.270 64.514 61.906 60.567 61.146 63.434 66.555 69.525 71.739 73.085 73.816 74.299 74.812 75.357 75.708 75.638 75.168 74.548 73.984 73.363 72.281 70.393 67.760 64.918 62.552 61.068 60.396 60.147 59.935 59.605 59.231 58.968 58.879 58.900 58.938 58.957 58.973 59.019 59.180 59.658 60.717 62.521 65.004 67.892 70.830 73.545 75.925 78.028 80.009 82.024 84.167 86.424 88.677 90.767 92.630 94.391 96.294 98.496 100.917 103.300
59.526 60.995 62.383 63.439 64.142 64.658 65.181 65.767 66.193 66.045 64.952 62.874 60.266 58.002 57.040 57.881 60.230 63.202 65.860 67.659 68.528 68.735 68.672 68.663 68.764 68.757 68.409 67.751 67.053 66.472 65.759 64.424 62.215 59.391 56.565 54.285 52.758 51.845 51.261 50.776 50.316 49.936 49.725 49.712 49.846 50.054 50.282 50.479 50.621 50.774 51.172 52.143 53.924 56.488 59.550 62.710 65.652 68.256 70.611 72.920 75.375 78.064 80.918 83.722 86.234 88.345 90.198 92.089 94.230 96.578 98.915
58.277 60.141 61.617 62.395 62.515 62.275 62.005 61.864 61.713 61.214 60.069 58.265 56.180 54.494 53.927 54.816 56.858 59.288 61.332 62.566 62.946 62.696 62.150 61.623 61.217 60.789 60.157 59.367 58.643 58.032 57.171 55.568 53.103 50.181 47.408 45.172 43.521 42.303 41.367 40.641 40.116 39.810 39.731 39.865 40.174 40.611 41.101 41.541 41.862 42.118 42.548 43.499 45.233 47.759 50.812 53.991 56.977 59.663 62.169 64.736 67.581 70.777 74.200 77.551 80.500 82.893 84.885 86.836 89.032 91.484 93.988
56.576 58.534 59.824 60.148 59.605 58.579 57.510 56.683 56.096 55.503 54.626 53.391 52.019 50.967 50.715 51.464 52.950 54.591 55.828 56.382 56.241 55.562 54.592 53.585 52.668 51.784 50.834 49.872 49.037 48.261 47.149 45.288 42.677 39.762 37.059 34.811 32.988 31.488 30.289 29.438 28.961 28.818 28.933 29.256 29.773 30.469 31.262 32.013 32.620 33.121 33.737 34.788 36.520 38.963 41.886 44.929 47.797 50.411 52.918 55.592 58.671 62.222 66.084 69.891 73.245 75.946 78.154 80.294 82.735 85.540 88.492
54.026 55.661 56.519 56.332 55.200 53.509 51.759 50.374 49.518 49.032 48.601 48.017 47.326 46.789 46.706 47.179 48.004 48.779 49.149 48.966 48.258 47.136 45.765 44.329 42.949 41.628 40.331 39.100 37.988 36.873 35.416 33.336 30.690 27.848 25.190 22.876 20.883 19.189 17.863 17.022 16.692 16.771 17.117 17.652 18.390 19.354 20.478 21.606 22.613 23.509 24.476 25.784 27.637 30.053 32.831 35.662 38.306 40.722 43.094 45.723 48.862 52.578 56.686 60.791 64.461 67.473 69.988 72.470 75.355 78.739 82.360
50.230 51.192 51.454 50.774 49.195 47.033 44.799 43.038 42.068 41.793 41.828 41.809 41.623 41.399 41.321 41.438 41.602 41.551 41.085 40.158 38.838 37.224 35.433 33.595 31.807 30.099 28.458 26.892 25.387 23.826 21.990 19.716 17.051 14.233 11.529 9.101 6.993 5.239 3.938 3.214 3.085 3.420 4.037 4.835 5.831 7.078 8.539 10.081 11.563 12.960 14.405 16.114 18.237 20.752 23.460 26.101 28.506 30.699 32.903 35.431 38.528 42.246 46.396 50.600 54.451 57.747 60.649 63.616 67.090 71.170 75.540
44.989 45.107 44.699 43.539 41.609 39.140 36.626 34.676 33.709 33.662 34.073 34.445 34.547 34.429 34.218 33.942 33.491 32.703 31.479 29.839 27.885 25.725 23.466 21.210 19.042 16.991 15.039 13.143 11.238 9.235 7.018 4.503 1.695 -1.270 -4.155 -6.730 -8.874 -10.544 -11.687 -12.214 -12.101 -11.465 -10.493 -9.323 -7.977 -6.408 -4.613 -2.677 -0.725 1.189 3.154 5.338 7.837 10.580 13.349 15.920 18.206 20.302 22.458 24.965 28.021 31.648 35.675 39.793 43.688 47.225 50.562 54.104 58.229 62.993 68.047
38.286 37.549 36.463 34.824 32.584 29.926 27.302 25.315 24.404 24.510 25.123 25.664 25.836 25.653 25.221 24.552 23.558 22.135 20.247 17.955 15.375 12.631 9.841 7.116 4.546 2.163 -0.070 -2.247 -4.483 -6.866 -9.464 -12.326 -15.467 -18.767 -21.944 -24.678 -26.799 -28.304 -29.220 -29.503 -29.107 -28.102 -26.667 -24.993 -23.181 -21.227 -19.097 -16.810 -14.446 -12.063 -9.612 -6.964 -4.059 -1.003 1.975 4.684 7.098 9.360 11.709 14.371 17.470 21.001 24.836 28.777 32.642 36.387 40.168 44.301 49.050 54.405 59.999
30.131 28.617 26.907 24.828 22.341 19.599 16.990 15.041 14.142 14.228 14.793 15.246 15.279 14.905 14.215 13.197 11.750 9.798 7.346 4.473 1.297 -2.054 -5.439 -8.715 -11.761 -14.526 -17.060 -19.499 -22.006 -24.706 -27.671 -30.943 -34.509 -38.199 -41.665 -44.533 -46.631 -48.004 -48.736 -48.799 -48.117 -46.714 -44.771 -42.535 -40.193 -37.797 -35.302 -32.669 -29.925 -27.117 -24.226 -21.158 -17.868 -14.453 -11.123 -8.034 -5.185 -2.442 0.376 3.400 6.684 10.215 13.935 17.766 21.656 25.640 29.863 34.547 39.838 45.657 51.625
