decompensative_correction.grd
DSAA
         561         521
    -2800.000000     2800.000000
    -2600.000000     2600.000000
        -174         155
[rows 96 to 127 of 521, columns 216 to 287 of 561]
1.963 2.217 2.611 3.134 3.786 4.540 5.388 6.314 7.305 8.345 9.424 9.931 11.107 12.276 13.445 14.612 15.781 16.944 18.099 19.250 18.976 20.012 21.019 21.991 22.904 23.741 23.027 23.658 24.203 24.645 23.585 23.789 23.859 23.775 24.269 23.876 22.090 21.439 20.660 19.760 17.789 16.726 14.810 13.656 11.864 10.680 9.046 8.301 7.125 5.970 4.855 4.009 2.979 2.036 1.543 0.824 0.302 -0.200 -0.503 -0.704 -0.740 -0.594 -0.249 0.311 0.939 1.844 2.998 5.196 8.096 12.585 17.025 23.448
3.068 3.285 3.638 4.116 4.719 5.422 6.215 7.087 8.019 9.001 9.402 10.500 11.608 12.708 13.809 14.908 16.010 17.108 18.199 19.289 20.346 19.941 20.900 21.828 22.703 23.509 22.782 23.395 23.930 24.369 24.702 23.535 23.620 24.250 24.046 23.683 21.935 21.319 20.581 19.725 17.794 16.777 15.676 13.791 12.643 10.900 9.757 8.623 7.499 6.398 5.631 4.583 3.618 2.929 2.122 1.440 1.302 0.873 0.582 0.572 0.600 0.802 1.194 1.791 2.827 3.577 5.000 7.385 10.225 14.861 19.208 25.690
4.215 4.396 4.709 5.142 5.697 6.349 7.089 7.903 8.777 9.071 10.082 11.113 12.152 13.184 14.217 15.248 16.283 17.315 18.343 19.370 18.979 19.908 20.817 21.699 22.534 23.304 22.558 23.149 23.669 24.099 24.429 23.278 23.374 23.992 23.810 23.472 21.759 21.176 20.474 19.659 18.731 16.793 15.737 13.891 12.788 11.645 9.983 8.895 7.819 6.768 6.074 5.082 4.174 3.579 2.837 2.220 1.887 1.818 1.589 1.698 1.781 2.033 2.465 3.094 4.227 5.219 6.555 9.126 12.023 16.765 21.019 27.529
5.394 5.539 5.811 6.200 6.706 7.306 7.990 8.745 9.558 9.846 10.790 11.753 12.724 13.688 14.652 15.615 16.583 17.550 18.514 19.478 19.026 19.900 20.756 21.590 22.380 23.111 22.342 22.907 23.407 23.823 24.146 23.007 23.726 23.713 23.548 23.232 22.774 21.001 20.332 19.554 18.666 16.768 15.754 14.680 12.885 11.785 10.679 9.584 8.501 7.447 6.441 5.497 4.639 4.124 3.438 2.877 2.642 2.318 2.448 2.659 2.790 3.083 3.548 4.201 5.416 6.450 7.848 10.555 13.472 18.280 22.440 28.950
6.599 6.708 6.940 7.285 7.007 7.522 8.915 9.611 9.806 10.647 11.523 12.418 13.321 14.218 15.114 16.011 16.913 17.814 17.405 18.264 19.101 19.919 20.721 21.504 22.248 21.540 22.142 22.677 23.152 23.551 23.863 23.292 23.428 23.424 23.272 22.975 22.542 20.804 20.166 19.421 18.570 16.711 15.737 14.705 13.635 11.886 10.821 9.767 8.726 7.714 6.750 5.849 5.035 4.589 3.949 3.436 3.283 3.010 2.877 3.208 3.651 3.978 4.470 5.142 6.424 7.481 8.911 11.637 14.474 18.126 23.512 29.996
7.841 7.914 7.367 7.646 8.030 8.495 9.032 9.135 9.821 10.551 11.316 12.098 12.889 13.675 14.463 15.252 16.048 16.845 17.641 18.441 19.220 19.982 20.730 21.461 22.155 21.410 21.973 22.474 22.923 23.300 23.596 23.008 23.142 23.141 22.999 22.718 22.305 21.774 19.989 19.276 18.458 17.551 15.702 14.709 13.678 12.607 10.937 9.921 8.918 7.943 7.016 6.151 5.375 4.987 4.386 3.912 3.829 3.595 3.501 3.568 4.381 4.734 5.245 5.929 7.264 8.328 9.756 12.520 15.314 18.634 24.253 28.517
9.096 8.352 8.492 8.730 9.068 9.481 9.511 10.081 10.705 11.372 12.072 12.790 13.517 14.240 14.964 15.692 16.427 17.164 17.901 18.643 19.364 20.070 20.763 21.441 20.729 21.298 21.819 22.283 22.701 23.053 23.861 22.726 22.852 22.851 22.716 22.447 22.053 21.545 19.795 19.112 18.327 17.456 16.509 14.687 13.695 12.663 11.623 10.042 9.074 8.131 7.236 6.402 5.656 5.317 4.748 4.305 4.278 4.075 4.009 4.434 4.978 5.349 5.873 6.562 7.936 8.991 10.397 12.229 15.699 19.113 24.664 28.821
10.378 9.542 9.645 9.842 10.133 10.101 10.549 11.059 11.621 12.225 12.860 13.514 14.177 14.838 15.501 16.168 16.843 17.522 18.202 18.886 19.551 20.201 19.543 20.140 20.704 21.225 21.701 22.126 22.509 22.833 22.255 22.464 22.579 22.574 22.443 22.183 21.804 21.316 20.723 18.941 18.188 17.351 16.441 15.475 13.698 12.702 11.699 10.706 9.723 8.294 7.427 6.619 5.897 5.598 5.053 4.633 4.649 4.468 4.423 4.892 5.153 5.845 6.375 7.063 8.464 9.532 10.840 12.637 16.039 19.036 23.089 28.819
10.771 10.743 10.810 10.965 10.887 11.210 11.601 12.051 12.552 13.092 13.663 14.253 14.854 15.452 16.055 16.663 17.280 17.902 18.526 17.937 18.519 19.087 19.645 20.190 20.703 21.176 21.605 21.987 22.333 23.092 22.023 22.210 22.311 22.297 22.164 21.910 21.542 21.072 20.501 19.836 18.029 17.225 16.349 15.419 14.451 12.715 11.745 10.784 9.832 8.903 7.579 6.793 6.090 5.823 5.296 4.891 4.938 4.770 4.735 5.235 5.502 5.917 6.742 7.423 8.836 9.883 11.140 12.769 14.959 19.009 22.475 26.561
11.998 11.940 11.737 11.850 12.052 12.322 12.656 13.047 13.486 13.964 14.472 14.998 15.537 15.009 15.525 16.048 16.581 17.121 17.663 18.211 18.741 19.257 19.763 20.256 20.719 21.142 21.525 21.863 22.169 21.575 21.799 21.961 22.042 22.017 21.878 21.627 21.268 20.812 20.262 19.623 18.889 18.075 16.236 15.341 14.408 13.433 11.767 10.837 9.914 9.011 8.151 6.933 6.247 5.649 5.487 5.090 5.158 4.993 4.960 5.477 5.741 6.149 6.707 7.653 9.065 10.084 11.277 12.824 14.866 18.494 22.036 25.950
13.088 12.990 12.979 13.050 13.204 13.423 13.701 14.033 14.411 14.826 14.257 14.695 15.147 15.600 16.060 16.529 17.010 17.497 17.988 18.485 18.964 19.429 19.885 20.327 20.739 21.112 21.447 21.740 21.143 21.384 21.573 21.707 21.767 21.727 21.581 21.328 20.976 20.534 20.002 19.387 18.681 17.899 17.046 15.236 14.338 13.397 12.447 10.862 9.967 9.089 8.251 7.041 6.367 5.778 5.631 5.237 5.315 5.147 5.511 5.628 5.880 6.273 6.812 7.507 8.363 10.148 11.291 12.682 14.512 16.883 21.016 25.052
14.380 14.253 14.207 14.236 14.343 14.510 14.733 15.007 15.324 14.651 15.013 15.393 15.787 16.184 16.589 17.004 17.434 17.871 18.312 18.760 19.190 19.605 20.010 20.402 20.765 21.089 21.376 20.390 20.999 21.198 21.352 21.455 21.491 21.433 21.277 21.022 20.674 20.242 19.727 19.135 18.455 17.703 16.884 16.013 14.248 13.343 12.426 11.514 10.001 9.147 8.328 7.556 6.462 6.251 5.741 5.343 5.423 5.244 5.191 5.702 5.934 6.304 6.816 7.480 8.301 9.441 11.186 12.475 14.071 16.157 18.621 23.465
15.625 15.470 15.390 15.378 15.439 15.556 15.724 15.940 15.154 15.430 15.734 16.056 16.392 16.734 17.085 17.449 17.829 18.217 18.610 19.011 19.393 19.760 20.117 20.461 20.776 21.051 20.075 20.650 20.844 21.002 21.118 21.190 21.201 21.124 20.956 20.696 20.350 19.928 19.429 18.857 18.204 17.480 16.693 15.857 14.133 13.262 12.379 11.499 10.616 9.181 8.380 7.623 6.936 6.329 5.816 5.411 5.485 5.290 5.216 5.286 5.911 6.250 6.727 7.354 8.132 9.060 10.961 12.162 13.594 15.373 17.705 20.405
16.798 16.616 16.502 16.450 16.466 16.532 16.646 15.740 15.927 16.146 16.392 16.657 16.937 16.198 16.482 16.781 17.096 17.421 17.751 18.090 19.549 19.871 20.182 20.480 19.557 19.778 19.964 20.510 20.660 20.777 20.856 20.897 20.881 20.786 20.605 20.339 19.995 19.582 19.099 18.548 17.920 17.227 16.473 15.674 14.840 13.157 12.308 11.460 10.606 9.192 8.411 7.667 6.988 6.382 5.864 5.448 5.511 5.293 5.192 5.232 5.823 6.123 6.559 7.141 7.871 8.745 9.945 11.766 13.029 14.565 16.544 19.075
17.894 17.684 17.537 17.445 17.416 17.432 17.493 16.499 16.630 16.793 16.983 17.192 16.389 16.611 16.847 17.099 17.370 17.652 17.941 18.238 18.518 18.784 19.040 19.283 19.497 19.675 20.215 20.341 20.448 20.525 20.569 20.579 20.538 20.424 20.230 19.959 19.616 19.211 18.743 18.211 17.609 16.945 16.224 15.461 14.664 13.024 12.209 11.393 10.570 9.749 8.951 7.687 7.014 6.408 5.884 5.850 5.500 5.257 5.125 5.130 5.251 5.933 6.321 6.852 7.527 8.343 9.294 10.551 12.437 13.747 15.401 17.493
18.894 18.656 18.474 18.343 18.269 18.236 18.244 17.166 17.243 17.351 17.486 17.641 16.772 16.946 17.135 17.343 17.571 17.812 18.061 18.319 18.561 18.789 19.006 19.210 19.385 19.926 20.043 20.127 20.195 20.236 20.247 20.228 20.164 20.032 19.827 19.551 19.209 18.813 18.359 17.847 17.270 16.636 15.949 15.221 14.462 13.659 12.089 11.307 10.513 9.719 8.942 8.192 7.496 6.863 6.307 5.844 5.472 5.201 5.036 5.001 5.078 5.274 6.039 6.513 7.128 7.879 8.761 9.784 11.040 12.927 14.311 16.004
19.793 19.524 19.307 19.135 19.017 18.935 18.891 17.736 17.760 17.814 17.895 17.997 17.070 17.197 17.342 17.507 17.695 17.898 18.110 18.332 18.538 18.730 18.912 19.081 19.221 19.745 19.824 19.871 19.904 19.911 19.893 19.848 19.764 19.617 19.403 19.124 18.785 18.397 17.958 17.467 16.917 16.312 15.658 14.966 14.243 13.479 12.700 11.205 10.443 9.677 8.923 8.189 7.502 6.871 6.309 5.831 5.438 5.137 4.936 4.860 4.890 5.035 5.300 6.145 6.695 7.376 8.182 9.125 10.160 11.386 13.291 14.631
20.575 20.275 20.021 19.807 19.643 19.513 19.418 18.191 18.164 18.165 18.195 18.248 17.268 17.351 17.455 17.582 17.732 17.899 18.077 18.266 18.439 18.600 18.750 18.887 19.427 19.505 19.551 19.565 19.567 19.546 19.503 19.437 19.336 19.177 18.958 18.677 18.344 17.966 17.543 17.074 16.550 15.976 15.355 14.699 14.014 13.288 12.546 11.798 10.365 9.628 8.896 8.180 7.504 6.875 6.309 5.818 5.403 5.073 4.835 4.717 4.699 4.790 4.996 5.328 6.242 6.849 7.577 8.433 9.375 10.388 11.469 13.381
21.214 20.879 20.586 20.330 20.120 19.942 18.617 18.509 18.431 18.383 18.365 18.371 17.348 17.391 17.457 17.547 17.664 17.799 17.946 18.105 18.250 18.383 18.505 19.057 19.142 19.191 19.209 19.197 19.173 19.129 19.065 18.983 18.870 18.703 18.481 18.203 17.877 17.511 17.107 16.660 16.164 15.622 15.035 14.414 13.769 13.081 12.378 11.667 10.939 10.200 8.864 8.168 7.506 6.883 6.313 5.811 5.376 5.017 4.744 4.582 4.515 4.552 4.698 4.965 5.788 6.318 6.962 7.730 8.576 9.485 10.456 11.470
21.697 21.326 20.992 20.693 20.438 20.213 18.835 18.681 18.556 18.462 18.399 18.362 17.307 17.313 17.344 17.403 17.490 17.596 17.716 17.850 17.970 18.079 18.629 18.718 18.779 18.805 18.800 18.766 18.723 18.662 18.584 18.492 18.371 18.202 17.981 17.709 17.394 17.044 16.659 16.237 15.769 15.259 14.707 14.124 13.516 12.868 12.204 11.531 10.840 10.135 9.426 8.157 7.512 6.897 6.327 5.817 5.364 4.980 4.672 4.469 4.353 4.334 4.419 4.619 4.936 5.798 6.357 7.032 7.780 8.583 9.441 10.335
22.010 21.601 21.227 20.885 20.585 20.315 18.895 18.697 18.530 18.394 18.290 18.214 18.167 17.112 17.114 17.144 17.205 17.288 17.385 17.497 17.597 18.140 18.223 18.293 18.335 18.343 18.322 18.274 18.218 18.145 18.060 17.963 17.841 17.674 17.460 17.199 16.899 16.567 16.204 15.808 15.369 14.892 14.376 13.831 13.263 12.655 12.030 11.395 10.743 10.073 9.395 8.715 8.060 6.926 6.360 5.844 5.378 4.972 4.633 4.390 4.226 4.153 4.177 4.310 4.554 5.313 5.783 6.363 7.009 7.705 8.448 9.222
22.123 21.676 21.261 20.877 20.534 20.220 18.770 18.533 18.327 18.153 18.014 17.905 17.826 16.765 16.742 16.750 16.790 16.853 16.932 17.028 17.564 17.641 17.709 17.764 17.793 17.790 17.759 17.703 17.640 17.564 17.478 17.382 17.265 17.107 17.922 17.664 17.368 16.068 15.731 15.363 14.956 14.513 14.033 13.527 12.999 12.431 11.846 11.253 10.639 10.004 9.360 8.708 8.075 7.462 6.404 5.889 5.414 4.991 4.286 4.347 4.140 4.014 3.979 4.046 4.217 4.486 5.255 5.739 6.282 6.870 7.499 8.153
23.442 21.552 21.097 20.671 20.286 19.933 18.466 18.192 17.951 17.745 17.575 17.437 17.332 16.278 16.234 16.224 16.248 16.297 16.364 16.889 16.965 17.032 17.091 17.138 17.160 17.152 17.117 17.059 16.997 16.925 16.844 16.758 16.652 17.499 17.304 17.067 16.796 16.498 15.247 14.912 14.540 14.134 13.693 13.226 12.739 12.212 11.669 11.116 10.542 9.946 9.336 8.715 8.108 7.515 6.470 5.960 5.483 5.048 4.663 4.354 4.108 3.935 3.844 3.847 3.947 4.137 4.413 5.184 5.625 6.104 6.620 7.155
23.143 21.238 20.743 20.277 19.854 19.462 17.991 17.684 17.413 17.179 16.983 16.822 16.696 15.659 15.599 15.576 15.590 15.629 16.109 16.189 16.260 16.323 16.379 16.424 16.446 16.438 16.407 16.354 16.300 16.237 16.169 16.097 16.969 16.837 16.667 16.457 16.214 15.948 14.763 14.464 14.131 13.765 13.365 12.941 12.495 12.011 11.511 11.000 10.466 9.908 9.333 8.745 8.166 7.597 7.044 6.066 5.590 5.149 4.749 4.418 4.139 3.924 3.781 3.723 3.754 3.868 4.060 4.337 5.055 5.427 5.831 6.250
22.634 20.723 20.191 19.688 19.229 17.711 17.340 17.005 16.708 16.450 16.234 16.054 15.011 14.904 14.833 14.801 14.807 15.232 15.291 15.370 15.442 15.506 15.565 15.614 15.642 15.643 15.620 15.579 15.539 15.492 15.443 15.392 16.246 16.142 16.001 15.823 15.615 14.509 14.272 14.014 13.722 13.399 13.043 12.663 12.262 11.824 11.368 10.900 10.407 9.889 9.351 8.796 8.247 7.703 7.171 6.205 5.736 5.295 4.886 4.537 4.232 3.981 3.791 3.677 3.642 3.681 3.792 3.980 4.207 4.845 5.139 5.445
21.917 20.014 19.446 18.909 18.418 16.917 16.520 16.162 15.843 15.567 15.334 15.141 14.135 14.019 13.940 14.251 14.255 14.292 14.353 14.437 14.514 14.586 14.653 14.713 14.753 14.767 14.761 14.737 14.717 14.693 14.669 15.523 15.486 15.416 15.311 15.169 15.000 13.971 13.775 13.560 13.315 13.038 12.728 12.395 12.042 11.650 11.240 10.815 10.366 9.888 9.388 8.868 8.351 7.835 7.327 6.836 5.920 5.483 5.072 4.711 4.386 4.104 3.874 3.709 3.612 3.581 3.613 3.715 3.850 4.006 4.552 4.747
20.991 19.109 18.509 17.943 17.424 15.954 15.534 15.157 14.823 14.532 14.289 14.085 13.127 13.307 13.222 13.184 13.190 13.231 13.298 13.390 13.478 13.563 13.644 13.720 13.777 13.811 13.826 13.827 13.833 13.838 13.845 14.685 14.685 14.653 14.589 14.489 14.363 13.415 13.265 13.098 12.901 12.673 12.413 12.130 11.826 11.482 11.120 10.742 10.336 9.899 9.438 8.954 8.470 7.984 7.504 7.034 6.574 6.129 5.298 4.932 4.593 4.287 4.022 3.812 3.658 3.560 3.518 3.538 3.584 3.645 3.725 4.155
19.866 18.019 17.392 16.800 15.309 14.832 14.396 14.005 13.659 13.360 13.400 13.176 12.245 12.117 12.034 12.000 12.013 12.062 12.140 12.245 12.348 12.449 12.550 12.646 12.726 12.785 12.827 12.857 12.895 12.935 13.757 13.807 13.848 13.860 13.841 13.788 12.935 12.847 12.748 12.631 12.486 12.310 12.102 11.872 11.620 11.328 11.015 10.684 10.324 9.931 9.509 9.064 8.615 8.161 7.710 7.267 6.827 6.397 5.979 5.597 4.854 4.530 4.237 3.987 3.782 3.624 3.512 3.455 3.416 3.387 3.372 3.359
18.553 16.754 16.105 15.493 14.056 13.564 13.117 12.716 12.622 12.292 12.018 11.101 10.936 10.812 10.735 10.710 10.732 10.794 10.886 11.006 11.128 11.250 11.374 11.495 11.603 11.691 11.766 11.830 11.904 11.982 12.791 12.885 12.972 13.032 13.062 13.060 12.298 12.260 12.213 12.150 12.059 11.938 11.786 11.610 11.413 11.175 10.914 10.633 10.319 9.970 9.590 9.183 8.771 8.352 7.932 7.517 7.102 6.692 6.289 5.913 5.547 5.197 4.508 4.225 3.977 3.764 3.588 3.458 3.340 3.226 3.121 3.015
16.045 15.339 14.671 14.044 12.672 12.171 11.953 11.512 11.125 10.795 10.522 9.686 9.526 9.409 9.342 9.327 9.362 9.438 9.547 9.687 9.830 9.976 10.125 10.275 10.414 10.536 10.646 10.749 10.862 10.981 11.779 11.920 12.056 12.167 12.248 12.298 11.632 11.648 11.655 11.650 11.616 11.551 11.456 11.339 11.198 11.015 10.808 10.578 10.314 10.010 9.673 9.307 8.933 8.549 8.162 7.778 7.391 7.005 6.621 6.257 5.895 5.538 5.192 4.514 4.228 3.968 3.735 3.538 3.347 3.153 2.964 2.770
14.507 13.786 13.107 11.726 11.173 10.847 10.349 9.908 9.523 9.197 8.385 8.182 8.030 7.923 7.866 7.864 7.914 8.006 8.134 8.294 8.460 8.632 8.810 8.991 9.163 9.321 9.469 9.611 9.768 9.930 10.715 10.906 11.093 11.257 11.392 11.498 10.931 11.002 11.067 11.119 11.144 11.139 11.102 11.044 10.962 10.837 10.685 10.508 10.295 10.039 9.747 9.424 9.090 8.745 8.393 8.043 7.687 7.330 6.969 6.622 6.269 5.912 5.556 4.849 4.534 4.234 3.951 3.696 3.438 3.171 2.903 2.627
12.850 12.123 10.752 10.142 9.708 9.157 8.662 8.226 7.847 7.056 6.809 6.616 6.474 6.378 6.334 6.345 6.410 6.520 6.666 6.848 7.038 7.236 7.443 7.657 7.864 8.058 8.246 8.430 8.630 8.838 9.610 9.852 10.092 10.310 10.501 10.063 10.199 10.328 10.451 10.562 10.646 10.701 10.725 10.727 10.705 10.638 10.543 10.422 10.261 10.056 9.811 9.534 9.243 8.938 8.626 8.314 7.992 7.666 7.332 7.006 6.668 6.318 5.959 5.227 4.890 4.558 4.234 3.928 3.610 3.278 2.939 2.587
