decompensative_anomalies.grd
DSAA
         561         521
    -2800.000000     2800.000000
    -2600.000000     2600.000000
        -347         271
[rows 224 to 255 of 521, columns 213 to 283 of 561]
39.812 37.665 35.555 33.350 30.939 28.330 25.764 23.689 22.494 22.223 22.579 23.205 23.922 24.696 25.439 25.941 25.990 25.518 24.629 23.483 22.164 20.646 18.866 16.805 14.527 12.144 9.802 7.696 6.078 5.191 5.155 5.871 7.035 8.262 9.236 9.816 10.005 9.855 9.362 8.493 7.284 5.929 4.740 4.013 3.919 4.493 5.627 7.073 8.486 9.573 10.268 10.735 11.164 11.628 12.109 12.585 13.036 13.373 13.484 13.372 13.081 12.428 10.890 7.826 2.985 -3.096 -9.160 -13.858 -16.512 -17.440 -17.581
37.254 35.216 33.301 31.402 29.407 27.265 25.086 23.172 21.832 21.147 20.930 20.940 21.094 21.428 21.912 22.365 22.554 22.343 21.750 20.883 19.841 18.656 17.318 15.821 14.172 12.390 10.523 8.699 7.131 6.056 5.608 5.745 6.251 6.851 7.333 7.608 7.664 7.486 7.010 6.186 5.068 3.861 2.873 2.399 2.610 3.512 4.927 6.538 7.985 9.024 9.666 10.118 10.557 11.011 11.441 11.830 12.144 12.243 11.987 11.446 10.826 10.136 8.972 6.683 2.842 -2.306 -7.796 -12.434 -15.514 -17.164 -18.036
34.726 32.692 30.793 28.984 27.200 25.363 23.476 21.694 20.230 19.171 18.423 17.864 17.506 17.457 17.729 18.161 18.511 18.600 18.387 17.927 17.294 16.534 15.666 14.701 13.631 12.414 11.022 9.512 8.048 6.827 5.977 5.499 5.288 5.205 5.153 5.087 4.972 4.736 4.294 3.620 2.790 1.974 1.395 1.276 1.766 2.875 4.429 6.107 7.551 8.534 9.101 9.500 9.925 10.388 10.809 11.112 11.208 10.935 10.211 9.244 8.401 7.824 7.190 5.849 3.259 -0.595 -5.100 -9.352 -12.710 -15.068 -16.649
31.716 29.603 27.606 25.761 24.061 22.429 20.787 19.160 17.649 16.315 15.133 14.094 13.318 12.975 13.106 13.557 14.077 14.470 14.667 14.690 14.568 14.307 13.917 13.421 12.824 12.070 11.085 9.873 8.542 7.238 6.064 5.056 4.203 3.487 2.905 2.451 2.083 1.721 1.312 0.893 0.557 0.375 0.398 0.700 1.394 2.553 4.099 5.760 7.180 8.107 8.586 8.893 9.253 9.682 10.045 10.192 9.979 9.276 8.120 6.861 5.965 5.621 5.537 5.105 3.771 1.350 -1.903 -5.459 -8.828 -11.683 -13.773
27.848 25.591 23.458 21.553 19.918 18.481 17.110 15.714 14.268 12.776 11.263 9.837 8.720 8.139 8.159 8.636 9.321 10.006 10.609 11.126 11.542 11.806 11.890 11.816 11.607 11.213 10.549 9.588 8.396 7.076 5.706 4.342 3.029 1.810 0.743 -0.130 -0.811 -1.334 -1.684 -1.755 -1.458 -0.866 -0.164 0.537 1.326 2.403 3.842 5.452 6.863 7.775 8.199 8.405 8.626 8.882 9.020 8.862 8.266 7.176 5.754 4.433 3.678 3.628 3.989 4.240 3.920 2.783 0.800 -1.865 -4.902 -7.838 -10.073
23.010 20.565 18.319 16.409 14.896 13.716 12.705 11.665 10.427 8.912 7.178 5.448 4.042 3.229 3.103 3.555 4.355 5.284 6.228 7.158 8.035 8.783 9.337 9.692 9.858 9.782 9.382 8.626 7.560 6.266 4.816 3.277 1.706 0.151 -1.304 -2.550 -3.497 -4.102 -4.293 -3.935 -2.978 -1.649 -0.360 0.619 1.386 2.294 3.576 5.113 6.523 7.465 7.899 8.031 8.037 7.933 7.616 6.979 5.963 4.607 3.147 2.014 1.568 1.828 2.479 3.111 3.418 3.194 2.253 0.512 -1.868 -4.389 -6.344
17.234 14.615 12.333 10.515 9.223 8.409 7.894 7.380 6.538 5.173 3.365 1.437 -0.206 -1.265 -1.620 -1.319 -0.542 0.485 1.603 2.756 3.924 5.056 6.075 6.919 7.529 7.810 7.671 7.081 6.087 4.783 3.278 1.679 0.038 -1.633 -3.267 -4.688 -5.707 -6.203 -6.090 -5.264 -3.748 -1.889 -0.244 0.837 1.493 2.195 3.285 4.683 6.020 6.962 7.430 7.510 7.254 6.655 5.721 4.511 3.107 1.636 0.346 -0.424 -0.468 0.092 0.913 1.687 2.260 2.517 2.261 1.325 -0.211 -1.940 -3.288
10.691 8.001 5.813 4.208 3.249 2.924 3.063 3.271 3.045 2.056 0.375 -1.597 -3.395 -4.703 -5.384 -5.421 -4.920 -4.079 -3.076 -1.971 -0.738 0.638 2.087 3.468 4.607 5.319 5.466 4.993 3.955 2.512 0.894 -0.689 -2.174 -3.625 -5.054 -6.293 -7.091 -7.280 -6.783 -5.557 -3.701 -1.622 0.099 1.120 1.620 2.114 2.957 4.090 5.197 6.012 6.444 6.453 5.935 4.845 3.314 1.594 -0.081 -1.525 -2.534 -2.894 -2.555 -1.736 -0.796 0.014 0.626 1.020 1.091 0.737 0.021 -0.800 -1.421
3.801 1.237 -0.672 -1.912 -2.411 -2.121 -1.196 -0.119 0.440 0.017 -1.347 -3.207 -5.060 -6.591 -7.660 -8.209 -8.260 -7.934 -7.366 -6.586 -5.511 -4.068 -2.318 -0.477 1.164 2.306 2.717 2.276 1.046 -0.686 -2.467 -3.904 -4.906 -5.673 -6.398 -7.031 -7.344 -7.138 -6.332 -4.920 -3.037 -1.068 0.480 1.335 1.681 1.975 2.519 3.265 3.987 4.528 4.815 4.709 3.981 2.546 0.620 -1.406 -3.191 -4.521 -5.255 -5.298 -4.697 -3.699 -2.652 -1.812 -1.247 -0.918 -0.790 -0.822 -0.921 -0.975 -0.956
-2.691 -4.884 -6.296 -6.986 -6.869 -5.844 -4.066 -2.110 -0.776 -0.628 -1.647 -3.357 -5.227 -6.948 -8.399 -9.509 -10.236 -10.595 -10.629 -10.314 -9.543 -8.226 -6.428 -4.395 -2.486 -1.086 -0.538 -1.060 -2.588 -4.663 -6.543 -7.607 -7.754 -7.388 -6.990 -6.720 -6.432 -5.903 -5.004 -3.706 -2.113 -0.519 0.702 1.352 1.573 1.696 1.931 2.252 2.545 2.753 2.831 2.587 1.734 0.165 -1.889 -3.993 -5.762 -6.971 -7.526 -7.413 -6.715 -5.648 -4.533 -3.664 -3.173 -2.997 -2.967 -2.895 -2.645 -2.208 -1.736
-7.909 -9.525 -10.257 -10.220 -9.326 -7.473 -4.866 -2.184 -0.321 0.128 -0.789 -2.537 -4.542 -6.483 -8.262 -9.825 -11.097 -12.006 -12.507 -12.548 -12.052 -10.974 -9.391 -7.530 -5.729 -4.386 -3.915 -4.618 -6.436 -8.752 -10.549 -11.006 -10.055 -8.359 -6.720 -5.535 -4.738 -4.067 -3.309 -2.359 -1.244 -0.136 0.723 1.188 1.323 1.312 1.288 1.263 1.215 1.157 1.050 0.693 -0.196 -1.733 -3.726 -5.781 -7.509 -8.658 -9.144 -9.001 -8.333 -7.316 -6.234 -5.415 -5.045 -5.053 -5.176 -5.128 -4.744 -4.057 -3.290
-11.190 -12.138 -12.126 -11.289 -9.556 -6.882 -3.582 -0.447 1.573 1.906 0.681 -1.467 -3.878 -6.179 -8.265 -10.106 -11.622 -12.707 -13.290 -13.353 -12.906 -11.996 -10.730 -9.286 -7.911 -6.924 -6.719 -7.632 -9.613 -11.953 -13.470 -13.234 -11.250 -8.415 -5.797 -3.969 -2.901 -2.271 -1.773 -1.220 -0.560 0.131 0.703 1.032 1.102 0.991 0.791 0.560 0.340 0.157 -0.044 -0.451 -1.313 -2.751 -4.651 -6.690 -8.466 -9.658 -10.149 -10.018 -9.426 -8.552 -7.646 -7.019 -6.857 -7.061 -7.321 -7.322 -6.901 -6.091 -5.095
-12.396 -12.704 -12.032 -10.499 -8.066 -4.775 -1.052 2.231 4.116 4.068 2.272 -0.554 -3.636 -6.491 -8.947 -10.955 -12.448 -13.343 -13.622 -13.354 -12.669 -11.718 -10.659 -9.629 -8.764 -8.242 -8.353 -9.398 -11.333 -13.455 -14.578 -13.784 -11.152 -7.704 -4.626 -2.557 -1.465 -0.969 -0.696 -0.410 -0.023 0.428 0.831 1.061 1.055 0.846 0.536 0.233 0.003 -0.154 -0.325 -0.695 -1.486 -2.847 -4.747 -6.913 -8.892 -10.249 -10.807 -10.698 -10.185 -9.504 -8.889 -8.584 -8.701 -9.088 -9.419 -9.412 -8.942 -8.025 -6.798
-12.020 -11.771 -10.599 -8.604 -5.793 -2.277 1.479 4.642 6.315 5.980 3.763 0.333 -3.469 -7.003 -9.934 -12.126 -13.507 -14.062 -13.877 -13.133 -12.057 -10.885 -9.827 -9.018 -8.508 -8.337 -8.652 -9.664 -11.332 -13.048 -13.770 -12.709 -9.984 -6.572 -3.592 -1.637 -0.661 -0.270 -0.082 0.138 0.459 0.833 1.147 1.275 1.147 0.810 0.411 0.112 -0.012 -0.006 -0.010 -0.229 -0.901 -2.223 -4.234 -6.674 -9.005 -10.667 -11.415 -11.413 -11.024 -10.568 -10.280 -10.330 -10.715 -11.210 -11.502 -11.385 -10.802 -9.753 -8.284
-10.979 -10.230 -8.690 -6.470 -3.636 -0.333 3.056 5.896 7.474 7.264 5.172 1.614 -2.649 -6.818 -10.306 -12.790 -14.156 -14.464 -13.924 -12.814 -11.413 -9.987 -8.786 -7.970 -7.565 -7.519 -7.852 -8.666 -9.916 -11.136 -11.539 -10.528 -8.219 -5.388 -2.919 -1.286 -0.441 -0.051 0.211 0.524 0.907 1.278 1.510 1.491 1.183 0.681 0.198 -0.052 0.008 0.287 0.580 0.631 0.149 -1.128 -3.284 -6.051 -8.823 -10.950 -12.111 -12.441 -12.321 -12.126 -12.121 -12.430 -12.955 -13.416 -13.536 -13.209 -12.454 -11.259 -9.561
-10.138 -8.905 -7.068 -4.777 -2.168 0.625 3.396 5.835 7.514 7.915 6.622 3.603 -0.634 -5.216 -9.268 -12.192 -13.757 -14.065 -13.426 -12.191 -10.645 -9.047 -7.664 -6.701 -6.210 -6.111 -6.340 -6.900 -7.727 -8.510 -8.736 -8.026 -6.442 -4.474 -2.692 -1.417 -0.635 -0.132 0.310 0.788 1.261 1.610 1.710 1.485 0.957 0.291 -0.243 -0.397 -0.097 0.528 1.211 1.623 1.405 0.238 -1.995 -5.035 -8.272 -11.025 -12.885 -13.847 -14.188 -14.278 -14.438 -14.810 -15.273 -15.538 -15.385 -14.805 -13.873 -12.549 -10.666
-9.892 -8.211 -6.135 -3.860 -1.564 0.663 2.823 4.948 6.911 8.235 8.192 6.255 2.547 -2.120 -6.648 -10.131 -12.142 -12.737 -12.260 -11.094 -9.530 -7.822 -6.262 -5.110 -4.477 -4.300 -4.467 -4.893 -5.481 -6.029 -6.262 -5.976 -5.170 -4.047 -2.877 -1.856 -1.034 -0.339 0.316 0.946 1.460 1.719 1.614 1.135 0.390 -0.386 -0.892 -0.883 -0.305 0.684 1.772 2.572 2.666 1.696 -0.489 -3.688 -7.370 -10.878 -13.669 -15.485 -16.388 -16.703 -16.838 -17.040 -17.248 -17.218 -16.796 -16.025 -14.991 -13.606 -11.616
-10.138 -8.122 -5.916 -3.722 -1.707 0.111 1.902 3.942 6.314 8.588 9.842 9.172 6.317 1.900 -2.908 -6.969 -9.609 -10.721 -10.572 -9.535 -7.932 -6.075 -4.323 -3.010 -2.314 -2.201 -2.524 -3.102 -3.766 -4.359 -4.758 -4.881 -4.674 -4.129 -3.309 -2.341 -1.358 -0.433 0.405 1.106 1.556 1.619 1.237 0.482 -0.441 -1.238 -1.617 -1.382 -0.521 0.787 2.218 3.360 3.768 3.062 1.045 -2.199 -6.284 -10.579 -14.357 -17.028 -18.398 -18.757 -18.648 -18.489 -18.347 -18.055 -17.495 -16.701 -15.715 -14.387 -12.404
-10.517 -8.360 -6.171 -4.110 -2.282 -0.628 1.121 3.335 6.157 9.168 11.402 11.804 9.865 5.959 1.146 -3.353 -6.644 -8.362 -8.583 -7.621 -5.866 -3.764 -1.798 -0.395 0.207 0.022 -0.750 -1.806 -2.863 -3.737 -4.372 -4.759 -4.830 -4.476 -3.663 -2.519 -1.267 -0.109 0.831 1.461 1.685 1.422 0.690 -0.344 -1.392 -2.132 -2.316 -1.835 -0.733 0.803 2.469 3.865 4.553 4.143 2.373 -0.823 -5.214 -10.175 -14.755 -18.040 -19.627 -19.820 -19.325 -18.747 -18.296 -17.882 -17.389 -16.785 -16.020 -14.878 -13.026
-10.656 -8.574 -6.537 -4.635 -2.904 -1.224 0.709 3.243 6.446 9.870 12.609 13.681 12.515 9.266 4.750 0.095 -3.674 -5.920 -6.464 -5.511 -3.530 -1.132 1.047 2.473 2.848 2.180 0.754 -0.980 -2.595 -3.837 -4.663 -5.105 -5.121 -4.600 -3.510 -2.024 -0.462 0.864 1.749 2.101 1.894 1.160 0.022 -1.272 -2.394 -3.035 -3.020 -2.327 -1.058 0.604 2.391 3.948 4.860 4.733 3.241 0.182 -4.331 -9.657 -14.656 -18.193 -19.763 -19.719 -18.889 -18.002 -17.381 -17.007 -16.755 -16.497 -16.066 -15.184 -13.535
-10.296 -8.451 -6.640 -4.893 -3.216 -1.467 0.663 3.453 6.856 10.372 13.197 14.540 13.917 11.350 7.380 2.926 -0.989 -3.541 -4.313 -3.382 -1.238 1.393 3.745 5.177 5.316 4.167 2.104 -0.272 -2.396 -3.943 -4.850 -5.171 -4.910 -4.016 -2.530 -0.696 1.080 2.390 2.980 2.800 1.957 0.641 -0.906 -2.397 -3.527 -4.050 -3.866 -3.026 -1.668 0.030 1.844 3.465 4.519 4.620 3.399 0.577 -3.800 -9.076 -14.044 -17.515 -19.000 -18.876 -17.970 -17.013 -16.382 -16.145 -16.193 -16.309 -16.203 -15.545 -14.074
-9.333 -7.785 -6.201 -4.590 -2.983 -1.257 0.884 3.681 7.014 10.350 12.981 14.314 14.014 12.066 8.795 4.875 1.207 -1.345 -2.234 -1.407 0.716 3.417 5.881 7.371 7.417 5.991 3.533 0.758 -1.675 -3.385 -4.280 -4.408 -3.823 -2.567 -0.778 1.220 2.954 3.962 3.978 3.040 1.429 -0.478 -2.343 -3.894 -4.921 -5.276 -4.938 -3.999 -2.617 -0.960 0.780 2.350 3.431 3.668 2.694 0.208 -3.760 -8.594 -13.165 -16.409 -17.917 -18.019 -17.387 -16.626 -16.122 -16.038 -16.322 -16.704 -16.794 -16.231 -14.828
-7.851 -6.575 -5.169 -3.671 -2.180 -0.628 1.264 3.744 6.701 9.628 11.895 13.054 12.903 11.455 8.917 5.756 2.678 0.435 -0.431 0.230 2.150 4.752 7.270 8.905 9.073 7.679 5.167 2.300 -0.217 -1.967 -2.818 -2.803 -2.018 -0.598 1.227 3.076 4.449 4.875 4.117 2.327 -0.028 -2.401 -4.390 -5.798 -6.554 -6.643 -6.114 -5.087 -3.730 -2.205 -0.665 0.707 1.676 1.950 1.198 -0.859 -4.209 -8.330 -12.303 -15.295 -16.993 -17.602 -17.536 -17.193 -16.923 -16.976 -17.375 -17.847 -17.954 -17.330 -15.872
-6.089 -5.024 -3.753 -2.363 -1.034 0.230 1.678 3.590 5.936 8.292 10.108 11.016 10.900 9.808 7.912 5.543 3.215 1.488 0.795 1.323 2.980 5.399 7.936 9.780 10.248 9.147 6.867 4.147 1.700 -0.029 -0.869 -0.842 -0.083 1.204 2.744 4.153 4.947 4.670 3.131 0.591 -2.316 -4.915 -6.787 -7.841 -8.167 -7.883 -7.111 -5.999 -4.722 -3.431 -2.227 -1.198 -0.465 -0.227 -0.758 -2.311 -4.907 -8.177 -11.473 -14.225 -16.200 -17.443 -18.089 -18.312 -18.380 -18.578 -18.999 -19.415 -19.406 -18.633 -17.057
-4.333 -3.450 -2.325 -1.088 0.035 0.972 1.931 3.217 4.900 6.671 8.058 8.732 8.591 7.703 6.240 4.482 2.814 1.618 1.188 1.696 3.173 5.439 7.991 10.054 10.891 10.216 8.321 5.877 3.572 1.873 0.977 0.861 1.356 2.240 3.262 4.095 4.297 3.424 1.308 -1.708 -4.872 -7.426 -8.975 -9.550 -9.384 -8.710 -7.712 -6.561 -5.433 -4.460 -3.683 -3.080 -2.643 -2.465 -2.756 -3.751 -5.523 -7.881 -10.455 -12.915 -15.096 -16.909 -18.258 -19.108 -19.601 -19.992 -20.418 -20.734 -20.593 -19.703 -18.064
-2.818 -2.154 -1.263 -0.280 0.581 1.221 1.799 2.623 3.821 5.177 6.279 6.804 6.625 5.793 4.500 3.041 1.758 0.938 0.769 1.375 2.828 5.041 7.616 9.848 11.010 10.758 9.284 7.164 5.033 3.354 2.331 1.933 1.989 2.317 2.755 3.069 2.852 1.649 -0.721 -3.871 -6.982 -9.269 -10.399 -10.514 -9.960 -9.035 -7.946 -6.865 -5.956 -5.327 -4.969 -4.768 -4.601 -4.459 -4.490 -4.916 -5.867 -7.310 -9.109 -11.145 -13.325 -15.493 -17.397 -18.825 -19.766 -20.398 -20.878 -21.152 -20.975 -20.110 -18.556
-1.689 -1.340 -0.823 -0.221 0.327 0.747 1.165 1.838 2.880 4.096 5.102 5.570 5.339 4.445 3.109 1.677 0.511 -0.126 -0.094 0.683 2.240 4.484 7.063 9.354 10.702 10.770 9.678 7.895 5.970 4.321 3.124 2.352 1.882 1.632 1.563 1.523 1.127 -0.118 -2.415 -5.379 -8.182 -10.076 -10.815 -10.637 -9.943 -9.031 -8.072 -7.196 -6.536 -6.190 -6.134 -6.210 -6.217 -6.067 -5.855 -5.783 -6.012 -6.617 -7.634 -9.108 -11.039 -13.270 -15.472 -17.303 -18.611 -19.479 -20.065 -20.394 -20.316 -19.644 -18.346
-1.044 -1.127 -1.113 -0.983 -0.747 -0.416 0.102 0.961 2.165 3.465 4.487 4.914 4.592 3.575 2.128 0.641 -0.507 -1.055 -0.870 0.087 1.784 4.061 6.563 8.752 10.097 10.323 9.523 8.067 6.391 4.808 3.438 2.265 1.265 0.502 0.057 -0.164 -0.549 -1.614 -3.586 -6.113 -8.433 -9.906 -10.384 -10.160 -9.619 -8.991 -8.357 -7.773 -7.336 -7.151 -7.223 -7.405 -7.475 -7.299 -6.923 -6.510 -6.213 -6.151 -6.464 -7.318 -8.811 -10.828 -13.026 -14.995 -16.491 -17.522 -18.223 -18.665 -18.773 -18.399 -17.465
-0.981 -1.582 -2.121 -2.447 -2.430 -2.010 -1.153 0.128 1.657 3.102 4.107 4.420 3.956 2.838 1.380 -0.028 -1.053 -1.472 -1.162 -0.088 1.670 3.885 6.183 8.111 9.272 9.490 8.864 7.691 6.277 4.800 3.292 1.757 0.294 -0.879 -1.572 -1.848 -2.102 -2.851 -4.334 -6.260 -8.011 -9.104 -9.487 -9.438 -9.257 -9.062 -8.836 -8.558 -8.291 -8.156 -8.212 -8.365 -8.425 -8.251 -7.843 -7.294 -6.705 -6.193 -5.952 -6.236 -7.217 -8.828 -10.755 -12.595 -14.079 -15.161 -15.936 -16.477 -16.760 -16.671 -16.099
-1.583 -2.713 -3.735 -4.372 -4.381 -3.672 -2.317 -0.542 1.287 2.774 3.630 3.730 3.119 2.018 0.769 -0.309 -1.011 -1.220 -0.831 0.217 1.855 3.841 5.809 7.379 8.262 8.364 7.799 6.808 5.590 4.196 2.577 0.758 -1.050 -2.497 -3.313 -3.545 -3.585 -3.936 -4.838 -6.093 -7.270 -8.061 -8.468 -8.688 -8.897 -9.117 -9.268 -9.278 -9.174 -9.071 -9.065 -9.136 -9.166 -9.042 -8.724 -8.213 -7.531 -6.769 -6.153 -5.988 -6.481 -7.607 -9.107 -10.641 -11.965 -12.998 -13.769 -14.333 -14.695 -14.780 -14.465
-2.838 -4.408 -5.731 -6.430 -6.214 -5.039 -3.138 -0.952 1.013 2.369 2.949 2.799 2.118 1.219 0.417 -0.111 -0.353 -0.333 0.028 0.853 2.151 3.738 5.295 6.500 7.121 7.084 6.488 5.525 4.331 2.893 1.138 -0.881 -2.880 -4.437 -5.237 -5.317 -5.063 -4.953 -5.240 -5.837 -6.497 -7.048 -7.487 -7.901 -8.370 -8.881 -9.349 -9.669 -9.807 -9.827 -9.819 -9.820 -9.808 -9.737 -9.549 -9.163 -8.517 -7.670 -6.855 -6.384 -6.473 -7.127 -8.163 -9.332 -10.429 -11.334 -12.015 -12.496 -12.805 -12.909 -12.701
-4.566 -6.399 -7.764 -8.228 -7.533 -5.770 -3.378 -0.965 0.921 1.985 2.231 1.878 1.261 0.733 0.516 0.600 0.800 0.971 1.177 1.619 2.418 3.495 4.617 5.506 5.932 5.774 5.061 3.935 2.521 0.845 -1.108 -3.240 -5.253 -6.726 -7.353 -7.167 -6.539 -5.931 -5.625 -5.639 -5.860 -6.180 -6.552 -6.987 -7.538 -8.231 -8.998 -9.695 -10.196 -10.467 -10.549 -10.505 -10.411 -10.318 -10.198 -9.928 -9.387 -8.593 -7.741 -7.104 -6.886 -7.132 -7.749 -8.574 -9.426 -10.150 -10.659 -10.959 -11.102 -11.088 -10.842
