FAA_gravity.grd
DSAA
561 521
-2800 2800
-2600 2600
-281.215183039 331.30478760555
[rows 66 to 98 of 521, columns 296 to 369 of 561]
-87.19 -145 -202.1 -242 -252.7 -229.9 -190 -118.5 7.733 160.4 267.8 255.1 188.8 153.7 172.6 161.8 162.9 177.9 203.1 208.4 155.2 90.49 11.12 -26.77 -28.26 -17.84 -9.53 3.64 14.91 17.75 16.47 17.02 13.56 9.054 12.72 17.31 12.44 15.66 18.19 -0.3584 -40.14 -60.02 -65.85 -62.37 -49.78 -38.38 -31.56 -29 -29.3 -31.61 -39.21 -44.6 -46.93 -47.26 -39.07 -13.34 18.66 46.12 63.47 61.38 43.76 29.43 19.34 18.33 16.07 13.36 14.97 14.71 15.62 13.79 13.19 14.81 13 12.31
-140.3 -201 -246.5 -275.6 -281.2 -249.2 -184.1 -61.27 97.88 240.2 298.3 245.4 175.5 149.2 165.3 166.3 187.1 206.6 189.9 139.8 61.2 -4.895 -33.1 -18 -8.047 0.897 13.48 22.31 24.15 24.16 23.19 16.81 10.36 8.486 17.2 21.6 23.59 31.47 -5.464 -44.08 -63.07 -65.19 -63.01 -55.3 -44.74 -31.68 -22.39 -22.29 -21.75 -23.95 -33.25 -36.47 -46.34 -56.59 -60.42 -56.36 -44.96 -16.52 27.79 68.48 87.21 72.4 48.01 42.89 30.14 20.06 20.47 18.27 16.78 17.64 15.99 15.98 12.27 11.49
-188.4 -230.3 -265.8 -274.7 -257.6 -201 -96.94 41.61 185.3 270.6 267.9 218.5 172.7 152.2 157.4 174.4 196.5 169 90.44 22.34 -16.33 -26.81 -11.39 3.156 15.6 24.69 32.28 31.32 28.26 26.42 25.24 16.81 9.322 9.334 18.23 23.06 18.66 -3.538 -45.5 -58.1 -61.44 -57.48 -52.22 -43.75 -34.02 -23.61 -14.24 -15.64 -15.09 -18.13 -26.01 -32.54 -41.98 -51.7 -60.52 -67.17 -71.96 -65.32 -46.2 -5.457 61.1 109.8 94.98 74.01 52.78 35.1 31.81 24.65 20.86 19.1 17.13 13.69 12.59 13.44
-202.8 -229.7 -240.6 -210.8 -159.9 -67.99 51.26 140.3 217.1 241.5 212.7 191.3 177 165.7 166.7 165.5 117.3 37.99 -10.3 -28.66 -18.75 -4.475 10.65 25.14 34.2 36.04 40.31 32.84 32.9 25.76 18.74 14.72 26.15 34.91 32.43 21.94 -2.599 -41.38 -61.78 -58.95 -57.28 -47.18 -41.77 -34.79 -24.58 -21.62 -12.05 -10.99 -9.503 -13.97 -23.9 -31.87 -39.31 -44.75 -52.02 -63.26 -73.44 -77.11 -78.81 -66.59 -30.73 43.36 85.36 86.09 80.24 59.37 41.72 29.58 23.7 20.08 17.16 11.54 7.525 7.438
-195.6 -195.4 -166.6 -105.1 -15.92 78.07 145.7 185.1 213.5 203.4 184 181.9 179.3 170.9 151.4 86.15 4.117 -33.69 -26.25 -12.77 4.34 21.24 33.93 43.15 41.68 38.69 36.75 30.84 27.34 15.54 4.274 7.256 37.94 52.66 39.19 -2.767 -39.71 -56.38 -56.86 -55.36 -47.67 -41.77 -40.04 -30.44 -18.67 -13.84 -6.359 -3.627 -5.559 -9.371 -18.23 -25.53 -33.28 -40.24 -48.88 -58.36 -67.85 -76.14 -85.64 -86.15 -82.87 -55.63 1.057 39.49 64.54 71.71 59.83 42.22 31.6 21.49 13.02 9.798 6.221 1.067
-164.8 -127.3 -55.07 32.11 105.6 140.7 165.2 201.5 200.5 181.1 179.2 182.2 171 140.7 78.05 -3.287 -33.73 -25.45 -9.16 12.75 27.25 45.35 51.44 47.1 40.69 35.21 29.97 25.71 12.52 13.45 1.072 0.9467 32.37 36.67 9.771 -31.02 -50.14 -51.84 -50.38 -45.61 -35.31 -32.34 -32.21 -24.92 -17.56 -6.852 -2.867 2.361 -1.583 -8.174 -14.44 -22.25 -29.08 -34.1 -44.93 -53.92 -62.75 -68.44 -78.72 -90.83 -96.14 -91.27 -69.17 -29.99 8.897 48.91 70.52 58.52 40.28 25.39 15.38 7.437 2.82 -4.207
-97.27 -24.34 72.08 135.2 156.2 174 197.1 205.7 194 181.9 170.8 148.6 100.4 61.07 15.73 -8.386 -4.914 3.746 18.16 34.32 40.31 42.13 42.59 39.12 31.7 24.85 20.36 14.52 14.06 33.01 9.274 -4.388 15.53 10.59 -14.06 -32.99 -46.43 -48.45 -43.29 -33.76 -24.58 -20.19 -19.68 -15.26 -13.78 -4.094 0.2402 4.255 2.146 -1.656 -9.526 -20.26 -25.35 -28.55 -38.04 -46.88 -52.3 -57.7 -69.99 -80.59 -94.73 -102.3 -103.8 -84.06 -53.17 -10.42 40.69 67.26 60.51 44.11 30.26 15.51 9.292 0.6066
20.46 92.33 149.5 166.6 164.1 168.1 182.2 190.4 187.5 150.6 98.49 52.92 18.06 23.71 33.14 47.26 41.03 31.3 32.42 37.17 40.06 29.96 26.22 24.96 23.17 15.3 10.67 13.51 23.65 29.43 -0.9635 -14.51 0.8869 2.075 -14.71 -31.17 -40.69 -41.34 -40.23 -29.52 -17.28 -10.35 -8.934 -6.692 -7.692 -3.58 -0.06244 6.859 7.045 1.795 -5.95 -18.16 -25.48 -28.64 -31.89 -37.67 -43.45 -50.19 -60.49 -69.26 -85.38 -97.61 -105.4 -107 -97.3 -70.43 -30.53 19.4 61.42 68.62 57.88 55.86 52.03 33.93
148.8 181.8 189.5 182.6 164.2 152.5 153.7 147.3 116.8 56.93 7.552 -9.913 3.931 39.88 70.45 74.76 64.94 40.32 28.41 27.83 26.79 20.52 18.97 20.66 26.38 16.93 7.778 10.08 12.74 0.8672 -16.96 -16.59 -8.66 2.818 -0.7819 -24.07 -35.64 -38.67 -35.7 -26.87 -17.22 -8.596 -4.251 -3.849 -5.743 -0.736 1.291 7.077 7.351 1.726 -4.896 -17.63 -27.78 -29.1 -29.79 -31.79 -35.37 -43.52 -50.2 -60.56 -74.35 -87.59 -100.8 -109.4 -112.2 -103.8 -84.51 -48.14 19.54 73.07 102.5 144.1 146.3 108.5
176.7 201.9 197.5 165.1 124.3 102.5 81.76 50.69 16.03 -11.89 -25.04 -16.2 14.49 48.11 51.05 31.08 44 29.94 17.98 18.03 19.82 18.13 13.5 8.88 13.83 9.195 2.182 2.521 -2.498 -17.14 -21.89 -11.47 -11.45 1.154 10.76 -13.3 -27.41 -35.58 -33.47 -23.96 -16.97 -11.27 -6.456 -4.68 -4.329 3.169 6.632 11.57 11.55 6.779 -2.763 -15.55 -25.94 -25.5 -27.31 -29.46 -28.82 -35.85 -43.89 -53.47 -64.33 -76.53 -90.33 -100.7 -110.8 -115.6 -108.9 -91.39 -45.02 32.61 114.3 182.2 190.1 160.2
93.01 115.8 106.3 70.35 45.99 33.47 18.96 3.179 -8.887 -11.79 -9.796 1.375 20.6 35.42 21.1 0.4396 5.825 8.159 9.248 11.26 11.44 3.786 0.5673 -1.993 2.198 -0.5673 -0.5061 6.016 -3.39 -14.97 -18.56 -15.95 -11.92 1.991 12.7 -9.16 -25.36 -31.06 -17.82 -10.24 -16.16 -15.5 -13.17 -7.879 -1.529 5.984 9.412 13.05 13 7.491 0.2139 -9.598 -18.37 -18.76 -22.21 -22.39 -22.46 -28.14 -36.74 -45.7 -54.22 -65.45 -79.67 -91.16 -104.5 -117.3 -118.6 -113.3 -96.68 -32.64 77.16 171.3 186.6 169.1
32.74 52.63 48.7 27.47 19.05 17.11 16.02 9.265 2.218 0.441 3.065 11.69 22.93 23.93 3.236 -9.877 -3.354 4.094 -2.541 -6.104 -5.675 -6.418 -5.792 -2.047 0.1562 -0.5501 3.159 7.527 2.931 -1.76 1.705 -12.62 -8.086 14.85 14.65 -8.777 -25.56 -23.24 5.06 1.508 -19.68 -18.76 -16.12 -8.06 -0.7746 5.534 10.15 11.04 14.02 9.958 4.184 -2.204 -7.541 -11.7 -17.12 -16.2 -19.58 -22.78 -30.29 -40.24 -48.09 -55.79 -66.74 -80.65 -93.16 -110.8 -119 -122.3 -120.4 -87.3 -1.188 129.4 187.3 173.2
8.659 27.31 29.07 22.11 19.65 16.74 15.92 13.78 10.18 9.635 15.09 17.34 19.43 17.24 5.249 2.829 2.731 -9.382 -13.64 -11.2 -10.46 -4.277 -4.221 -0.364 -0.3593 1.79 7.475 8.964 9.666 11.44 27.85 4.872 -2.553 30.51 22.17 -5.583 -21.97 -26.32 -10.05 -10.03 -21.53 -21.59 -13.16 -5.044 -0.4172 3.424 6.928 7.827 13.09 13.69 10.28 4.486 1.283 -5.382 -11.73 -12.59 -17.49 -20.19 -26.32 -34.1 -39.65 -49.59 -56.37 -68.96 -82.06 -93.96 -108.7 -118.2 -121.5 -111 -68.99 46.19 146.8 177.9
-10.01 6.292 15.82 19.54 20.32 18.39 15.48 11.67 12.45 19.78 23.75 19.32 13.85 11.05 3.049 -0.5614 -6.702 -12.96 -11.04 -10.18 -1.716 2.046 4.072 5.05 6.032 8.848 12.24 9.896 7.438 9.023 22.5 8.731 6.202 41.26 26.75 -0.8808 -18.37 -33 -28.27 -17.7 -19.31 -20.82 -13.46 -10.48 -5.219 1.202 6.787 8.124 11.52 13.97 11.9 10.12 8.335 0.8786 -5.924 -8.391 -11.22 -14.13 -18.79 -26.95 -32.53 -42.4 -51.3 -58.74 -69.64 -80.39 -95.63 -108 -115.7 -116.3 -98.12 -39.3 52.38 136.3
-7.559 9.624 19.41 22.73 22.41 18.13 14.31 12.73 18.65 26.37 24.67 15.77 4.193 0.9547 -5.196 -7.131 -6.973 -7.174 -5.207 4.523 8.712 5.45 9.213 8.152 12.14 15.11 18.8 16.37 10.25 0.9288 10.19 4.903 9.961 46.06 34.4 12.44 -10.53 -28.38 -31.24 -24.14 -19.62 -21.17 -19.7 -16.18 -9.923 -2.201 2.233 6.286 10.23 13.45 14.65 14.29 8.577 3.733 -1.433 -1.915 -6.238 -12.09 -15.01 -21.58 -26.93 -30.42 -40.28 -48.08 -55.88 -67.33 -80.45 -94.39 -103.5 -110.9 -105.8 -85.37 -29.19 46.65
7.781 19.67 26.12 25.81 22.48 18.66 15.3 14.66 19.8 21.91 18 9.009 2.489 1.724 1.689 2.293 5.218 5.717 8.689 17.68 13.47 17.7 15.83 13.9 20.36 23.75 24.14 18.61 10.81 -4.884 13.72 7.058 13.7 48.18 36.88 24.51 6.24 -14.28 -27.27 -30.58 -21.59 -20.36 -23.42 -20.66 -13.32 -5.052 -0.9958 6.785 10.73 12.76 15.75 14.26 10.66 8.931 1.516 -0.05987 -4.574 -6.033 -10.36 -15.96 -22.24 -24.39 -32.16 -37.64 -44.19 -54.4 -64.91 -76.89 -88.22 -98.62 -102.4 -100.6 -78.49 -25.64
13.6 22.75 25.38 21.87 21.38 20.68 15.37 10.37 10.75 11.91 12.51 11.46 11.02 8.826 12.63 14.39 13.97 16.56 18.63 23.36 23.15 25.35 25.35 25.61 25.1 27.79 22.2 12.45 1.279 -4.251 14.47 1.551 16.82 45.98 35.72 31.28 18.95 -9.486 -30.49 -34.57 -28.15 -23.97 -27.07 -24.57 -12.47 -7.343 -2.391 4.944 9.777 12.69 14.27 14.4 12.02 8.731 5.478 2.08 -1.967 -1.101 -9.739 -10.47 -18.55 -20.02 -26.53 -29.45 -36.65 -43.81 -51.36 -59.29 -72.49 -84.02 -94.05 -97.76 -98.37 -81.38
8.761 9.116 12.23 19.34 22.38 18.37 13.56 10.87 9.233 11.01 13.96 16.36 17.99 18.53 20.41 20.53 17.99 22.1 22.13 23.76 25.93 27.7 32.43 27.4 23.15 18.78 12.72 4.835 -5.026 17.93 23.77 -6.835 19.32 35.73 24.43 28.11 20.74 -3.711 -25.59 -33.48 -34.7 -30.95 -27.31 -25.8 -17.5 -9.456 -1.488 3.59 9.419 12.42 12.77 12 10.44 10.96 9.164 4.29 -1.887 -1.675 -7.416 -8.169 -14.14 -17.71 -24.12 -23.81 -32.96 -36.49 -42.85 -49.99 -59.78 -70.13 -80.21 -88.64 -91.34 -95.92
-1.383 3.989 12.16 18.67 14.25 12.71 14 16.38 14.05 13.06 14.81 17.3 19.95 23.19 23.02 24.57 25.31 25.35 20.99 20.22 25.06 33.49 31.38 23.75 18.44 11.98 15.93 5.087 -0.3317 33.49 28.07 -5.776 22.21 29 12.76 22.46 16.14 2.236 -6.44 -24.18 -36.42 -30.64 -22.73 -21.43 -16.49 -8.493 -2.403 3.751 7.665 8.376 12.22 11.53 10.14 9.565 7.425 3.616 -0.07874 -1.698 -7.926 -11.97 -11.64 -14.9 -19.94 -23.5 -30.05 -29.69 -34.01 -40.79 -47.11 -57.03 -65.69 -76.95 -81.35 -87.65
-0.8846 7.333 9.381 10.14 9.182 13.17 17.6 19.08 18.83 16.89 14.71 18.95 23.08 25.65 25.83 22.98 23.14 22.25 24.62 25.4 25.22 28.02 20.1 13.96 9.451 13.14 10.69 -6.148 9.058 36.56 22.45 1.526 21.15 25.8 7.763 14.9 12.99 5.648 1.192 -20.04 -36.98 -30.75 -23.3 -20.23 -15.85 -10.43 -3.648 2.351 4.703 4.605 10.49 11.33 10.08 4.236 6.61 1.578 -2.093 -1.83 -9.13 -9.652 -8.029 -12.2 -16.71 -21.58 -24.28 -28.96 -31.73 -34.51 -39.27 -45.54 -50.81 -57.67 -66.52 -76.41
4.238 6.319 9.956 13.38 13.51 14.98 18.85 16.07 17.46 19.99 20.61 22.19 24.16 21.05 22.78 21.78 23.94 26.88 32.66 29.08 19.56 14.43 13.04 13.39 15.32 15.93 -4.556 -18.41 9.259 38.09 22.94 1.877 15.35 27.73 5.808 8.953 9.896 13.55 17.49 -9.327 -33.49 -35.33 -27.55 -19.1 -17.18 -10.95 -2.779 -1.507 2.623 4.535 8.176 7.18 7.515 1.656 0.05977 -0.7258 -3.806 -4.13 -10.23 -9.273 -7.799 -11.49 -15.43 -17.96 -19.26 -24.96 -26.41 -27.14 -32.63 -36.93 -40.74 -46.65 -52.71 -63.01
3.836 8.199 14.48 16.84 20.95 26.03 24.79 17.07 15.75 17.02 22.27 18.59 21.18 17.91 19.3 24.69 27.4 30.32 30.83 20.78 15.86 14.85 15.31 16.5 17.66 12.45 -9.8 -18.89 5.76 25.29 20.73 8.658 13.7 24.47 -3.394 1.641 15.42 34.57 42.49 -4.827 -38.55 -37.81 -28.9 -19.64 -17.24 -10.59 -4.11 0.1926 1.402 1.367 5.651 7.066 4.795 -0.363 -6.766 -6.336 -5.315 -8.435 -12.79 -10.59 -7.21 -9.573 -11.39 -14.3 -17.49 -18.49 -19.89 -19.78 -23.57 -27 -30.64 -38.31 -43.33 -50.8
8.426 19.63 22.85 23.93 24.92 22.75 19.8 19.07 17.66 17.77 24.52 22.36 20.02 22.49 24.85 23.8 22.54 20.74 18.98 14.5 18.52 15.89 13.38 13.01 6.058 -0.3466 -19.95 -19.69 15.1 24.76 22.44 18.31 17.25 19.46 -5.134 -2.026 26.42 48.66 33.98 -20.27 -42.12 -36.71 -25.66 -19.33 -18.1 -12.27 -7.816 -1.873 0.5797 -2.147 -2.953 -0.631 0.6921 -3.003 -8.852 -8.112 -8.727 -14.29 -14.61 -14.85 -12.72 -11.8 -11.56 -13.97 -15.04 -16.93 -19.33 -16.86 -17.04 -21.41 -26.14 -30.44 -33.88 -38.21
15.73 27.11 28.35 26.54 24.75 23.96 21.09 19.69 19.25 22.82 26.13 26.33 21.62 21.7 22.64 18.5 18.23 17.69 21.13 18.28 17.92 14.71 13.86 6.27 -3.956 -11.05 -32.89 -8.152 38.81 36.32 21.35 4.184 14.68 22.66 -1.945 -1.529 28.24 35.7 4.311 -31.92 -40.05 -39.64 -25.62 -18.98 -17.38 -14.17 -11.19 -7.716 -1.475 -4.672 -3.757 -0.9615 -0.5264 -3.039 -8.902 -10.18 -12.47 -15.47 -13.78 -16.21 -14.72 -11.51 -10.1 -13.42 -12.12 -13.22 -14.11 -15 -15.24 -17.59 -19.32 -21.95 -26.46 -30.71
24.36 27.91 30.43 27.62 25.44 28.34 25.65 22.03 24.03 23.92 22.72 20.94 19.01 16.36 18.27 20.45 20.33 18.99 20.36 16.45 14.03 7.603 0.4223 1.246 3.815 -8.02 -24.2 9.895 40.24 33.22 38.47 6.972 8.449 26.57 7.712 -0.3188 21.11 20.7 -4.693 -26.88 -38.48 -36.23 -19.79 -18.69 -17.75 -16.23 -14.57 -10.81 -7.553 -9.053 -6.508 -3.117 -1.141 -3.654 -6.354 -9.226 -12.19 -12.53 -13.97 -18.01 -13.36 -10.31 -9.373 -13.87 -14.05 -12.1 -12 -16.02 -15.05 -16.22 -13.26 -14.8 -18.89 -21.66
30.5 26.06 24.31 22.05 24.09 26.69 28.08 23.25 24.77 22.78 17.36 13.1 15.97 20.01 20.82 18.2 17.86 18.24 15.28 9.527 2.925 -4.19 -8.118 -5.327 -3.509 -9.641 -0.2898 17.05 23.2 24.9 38.26 11.09 12.45 26.58 9.433 -2.226 10.11 5.868 -8.168 -11.69 -24.72 -27.25 -20.92 -20.26 -17.13 -15.06 -15.66 -14.62 -14.55 -8.291 -6.92 -7.778 -2.719 -3.616 -4.746 -7.43 -10.84 -11.25 -11.07 -16.53 -12.35 -9.808 -11.43 -16.52 -16.57 -11.8 -13.12 -17.43 -12.3 -12.33 -9.934 -8.799 -12.98 -16.25
30.4 28.13 21.51 17.94 21.09 21.9 24.52 20.63 17.95 18.14 15.19 16.76 19.84 22.62 23.93 21.05 13.52 10.39 6.661 -5.066 -9.928 -7.777 -7.457 -16.26 -19.59 -8.348 20.33 12.82 2.827 22.79 33.49 6.275 3.501 25.7 12.62 -1.336 6.274 7.724 1.724 6.445 -10.08 -23.15 -24.59 -21.86 -15.02 -13.5 -15.98 -17.99 -17.51 -13.88 -9.564 -9.204 -7.291 -3.943 -3.025 -5.107 -9.033 -10.3 -9.158 -11.19 -9.932 -12.3 -17.08 -19.72 -16.43 -13.15 -14.45 -13.93 -8.895 -9.686 -10.22 -7.928 -10.21 -12.51
32.38 30.68 20.42 20.38 24.78 25.42 20.75 17.85 14.82 14.82 15.35 18.74 18.38 19.46 22.09 18.73 8.55 1.112 -12.2 -16.52 -5.348 -6.345 -21.49 -32.58 -23.79 -8.973 15.56 11.64 -1.62 23.62 43.18 19.82 -4.999 18.24 12.12 0.7926 10.67 21.85 17.53 9.396 -0.4259 -18.34 -22.48 -21.21 -12.85 -9.579 -12.85 -17.83 -15.46 -12.71 -6.399 -8.175 -8.66 -5.387 -5.118 -4.164 -7.828 -7.411 -8.077 -8.36 -6.924 -12.15 -18.31 -20.05 -15.95 -14.25 -15.52 -11.97 -10.27 -8.172 -9.098 -7.41 -6.536 -8.594
30.05 27.35 21.14 21.97 24.72 23.57 16.67 14.7 16.35 14.68 15.33 18.26 16.38 16.92 18.36 12.71 0.8446 -13.59 -27.28 -11.09 3.031 -3.698 -29.61 -38.02 -13.68 1.567 7.699 19.55 12.56 31.27 41.7 20.16 -0.06409 23.31 13.78 2.173 14.7 31.42 31.46 20.42 19.95 -7.361 -23.05 -21.97 -14.5 -8.16 -8.443 -13.4 -12.07 -10.81 -7.414 -8.69 -5.599 -3.986 -5.419 -5.106 -6.259 -5.445 -6.625 -5.977 -5.113 -8.348 -13.23 -15.85 -16.8 -18.34 -16.07 -9.372 -8.198 -4.24 -6.628 -7.11 -3.976 -5.441
28.87 29 27.9 24.56 24.2 22.69 19.85 17.42 18.26 14.76 14.61 17.53 14.39 14.3 13.36 9.535 -9.503 -21.91 -18.07 -14.11 -16 -19.08 -39.2 -37.94 -15.53 -2.83 2.878 23.31 24.64 44.7 36.28 9.965 0.1067 26.75 15.66 3.026 15.08 34.33 40.45 27.71 23.2 -1.517 -25.22 -26.61 -15.73 -8.626 -7.612 -8.174 -8.099 -8.185 -7.662 -4.747 -2.158 -3.511 -4.203 -4.964 -4.743 -4.031 -4.13 -2.871 -1.135 -3.626 -11.54 -13.46 -14.81 -18.91 -17.08 -8.741 -7.181 -6.763 -5.483 -4.366 -6.343 -5.35
28.82 33.08 28.65 26.05 26.51 23.96 22 19.78 17.42 16.57 12.41 10.77 9.521 14.9 16.7 16.56 -2.344 -4.612 0.8617 -14.3 -27.29 -38.37 -39.82 -22.9 -15.11 -2.829 13.68 32.83 33.24 53.29 36.86 14.74 10.21 31.73 13.68 3.738 15.12 34.15 46.34 26.18 1.154 -14.22 -29.5 -30.59 -15.87 -5.065 -3.532 -2.811 -3.006 -4.27 -3.142 -2.203 -3.627 -3.416 -2.752 -3.291 -4.624 -1.338 -0.8063 -4.72 -3.579 -1.978 -10.2 -14.06 -13.79 -15.52 -15.19 -9.369 -6.53 -5.067 -8.164 -8.437 -8.06 -4.839
25.52 29.87 27.99 28.69 29.59 26.84 21.46 17.12 14.88 13.01 3.683 4.661 11.63 21.31 23.67 19.89 2.87 7.549 5.307 -15.44 -36.76 -50.48 -35.15 -6.693 -9.853 4.431 26.39 43.07 35.53 56.64 48.43 17.01 9.151 32.8 16.83 2.061 10.53 26.31 36.65 19.38 -16.38 -32.1 -35.81 -32.93 -17.04 -2.474 -1.463 -2.224 1.769 -1.189 -1.403 -2.167 -2.623 -0.3283 -1.562 -3.562 -2.825 0.4827 3.461 1.237 -2.891 -2.742 -8.032 -12.37 -13.98 -15.35 -12.7 -9.551 -9.555 -5.396 -8.448 -9.923 -4.135 -1.152
22.29 26.43 32.29 30.72 26.98 25.63 22.76 17.22 12.95 8.514 6.939 17.36 24.33 20.43 13.68 12.57 3.954 3.331 -3.108 -19.34 -42.98 -55.91 -44.32 4.942 -1.022 2.039 27.46 46.74 38.36 48.26 34.72 -2.161 1.742 28.57 19.91 3.971 4.911 17.23 22.88 8.335 -29.59 -47.61 -45.93 -38.16 -18.71 -3.216 1.513 1.444 1.263 -0.7866 -1.6 -1.428 -2.657 -3.904 -2.153 -2.129 -1.244 1.113 6.331 4.618 -3.024 -5.042 -7.513 -10.25 -11.59 -13.07 -12.29 -8.745 -8.232 -8.386 -7.003 -6.449 -4.963 -3.186
