FAA_gravity.grd
DSAA
561 521
-2800 2800
-2600 2600
-281.215183039 331.30478760555
[rows 132 to 164 of 521, columns 74 to 147 of 561]
-3.981 -6.634 -3.936 -17.89 -10.68 -7.315 4.37 5.652 27.91 31.7 31.12 36.36 51.35 63.41 51.54 69.19 102.7 58.77 25.3 12.54 10.61 8.054 -8.005 -4.547 -5.213 6.661 4.34 28.21 59.66 45.93 31.43 48.18 48.63 75.22 28.51 11.79 6.936 0.6708 -13.26 -6.694 -4.837 6.885 11.93 24.18 29.72 15.12 18.67 31.22 20.58 14.97 0.7552 -0.08342 16.55 17.8 19.68 -0.2791 2.879 -0.6323 13.58 10.7 27.74 30.51 36.69 30.69 33.44 26.33 27.25 14.77 21.84 15.86 30.05 37.43 30.53 25.45
-4.263 -5.255 1.045 -22.38 -6.56 2.895 -9.319 4.368 40.74 33.29 30.55 61.67 46.04 48.32 31.97 17.88 51.51 22.36 -4.632 2.179 -0.7788 6.414 -0.6015 2.193 14.45 40.16 35.87 13.81 37.65 52.83 26.94 43.32 40.34 66.64 20.21 17.18 16.78 8.366 -2.535 6.525 10.43 4.345 5.036 12.08 28.17 35.1 41.1 39.8 12.36 9.939 0.1884 3.659 19.97 30.33 24.61 12.08 19.26 5.234 6.368 15.68 30.89 28.41 32.26 24.19 31.09 30.83 49.74 30.68 30.09 33.72 36.77 42.41 23.15 14.7
-4.029 -13.13 -16.32 -27.63 -8.508 4.587 -2.15 11.14 38.86 47.5 55.4 83.12 63.58 20.69 21.82 10.53 -2.526 7.678 -2.158 -0.2711 -3.612 -9.174 1.523 26.53 42.46 48.33 59.1 36.95 12.11 44.01 15.38 21.09 30.83 27.92 30.13 29.73 21.49 6.507 20.55 35.24 18.73 7.727 6.685 6.861 16.94 32.25 53.64 50.46 24.22 18.33 17.98 7.386 2.275 22.7 11.66 6.801 14.73 15.39 0.667 7.15 4.059 5.72 5.066 2.165 18.67 33.22 47.04 18.91 22.03 38.75 36.48 28.78 20.39 24.04
-13.44 -21.63 -16.08 -8.627 25.52 16.32 5.715 12.31 50.78 51.23 54.71 84.08 67.79 37.44 18.43 0.2058 -2.028 -6.502 -3.939 -10.84 -16.04 -17.11 4.829 21.35 10.16 32.79 71.28 43.13 24.53 64.46 26.46 39.93 47.13 17.81 18.05 15.99 11.53 9.43 49.65 59.96 33.59 31.58 28.87 37.47 13.86 13.84 21.91 27.64 23.55 12.58 3.668 -0.1635 -3.835 14.39 7.059 14.68 11.89 25.61 6.068 -0.8031 19.97 24.2 29.91 8.675 -0.9687 15.69 49.85 31.33 10.52 25.49 30.9 18.57 9.17 16.23
0.4258 -10.83 5.583 7.932 31.84 29.53 24.62 19.13 40.06 37.64 62.26 70.02 52.02 44.35 17.84 12.38 20.38 13.15 10.56 1.287 9.146 6.704 4.848 18.88 11.22 20.58 63.32 25.77 25.78 60.47 14.54 34.92 51.43 43 32.03 14.97 13.75 26.81 31.2 48.01 39.4 45.76 50.35 57.77 22.71 4.22 9.276 13.97 24.09 27.39 9.294 0.3779 -15.38 2.46 3.629 16.95 7.043 27.85 24.62 9.206 21.3 32.76 50.47 28.64 4.666 -0.641 23.18 19.62 2.092 11.61 17.94 9.95 11.33 26.9
23.27 15.85 26.4 22.98 28.62 31.59 38.09 36.2 25.88 26.67 51.74 45.12 60.02 40.27 29.02 41.57 32.99 21.78 16.17 11.05 23.83 22.45 22.65 32.61 33.67 12.22 49.02 30.08 37.8 40.05 7.832 54.65 42.78 56.68 49.02 34.4 27.88 37.47 50.76 58.07 28.02 23.09 26.26 23.55 15.16 2.84 5.026 8.052 12.74 38.06 28.83 15.66 -9.125 3.022 13.16 14.15 16.68 27.16 31.46 22.82 22.55 39.4 57.67 25.55 9.54 -0.9678 5.042 13.15 11.31 -3.048 9.656 6.252 20.13 30.09
28.98 34.99 30.6 24.7 28.88 5.991 8.102 19.87 25.32 16.88 14.08 35.98 72.96 59.16 72.24 77.54 39.5 34.47 33.41 43.55 41.54 39.87 58.94 58.2 39.72 16.7 19.57 3.924 20.74 35.21 12.3 40.01 27.47 51.56 49.14 34.01 36.19 32.98 38.74 42.31 20.05 7.539 12.41 10.65 18.78 26.4 33.78 20.8 20.83 37.74 34.13 13.53 -0.915 10.21 17.06 17.64 18 26.58 39.66 41.19 41.72 34.99 46.17 28.69 9.982 6.816 12.2 23.91 24.18 12.65 20.16 0.9408 6.831 26.02
32.49 44.16 29.28 24.61 31.86 23.91 8.614 -9.244 -1.007 1.362 25.68 57.39 68.98 61.05 88.1 66.69 45.91 32.36 36.71 45.64 45.56 53.17 36.62 53.83 59.74 53.55 27.86 7.626 15.2 10.86 12.01 14.16 22.76 46.13 51.03 37 35.75 36.75 35.68 24.41 22.67 7.857 8.769 24.51 27.82 38.65 55.49 31.17 16.16 31.96 24.15 14.14 20.88 29.23 33.47 26.57 13.65 22.12 29.84 33.13 39.63 24.59 47.04 48.08 25 7.116 5.685 8.025 17.67 14.84 18.33 14.67 3.239 5.161
39.29 27.37 31.14 32.73 51.24 48.19 22.6 32.3 4.83 8.219 53.89 60.38 39.62 51.89 79.83 78.4 76.28 56.31 35.12 32.15 22.27 34.01 8.66 15.73 11.93 16.11 7.284 0.5577 11.72 26.77 44.02 42.78 37.44 43.52 54.6 33.69 43.22 47.2 53.3 34.11 11.12 7.936 5.675 15.85 21.98 27.53 30.52 24.97 9.646 31.91 20.6 17.86 28.26 26.63 36.81 34.62 17.58 23.7 26.59 19 20.48 21.71 40.71 44.96 25.87 19.82 17.73 10.87 8.397 16.61 12.88 11.36 11.86 12.88
40.3 30.14 40.86 51.49 47.55 54.42 38.31 15.33 16.14 19.2 17.11 28.99 20.52 39.48 55.14 75.42 72.31 63.38 14.58 21.41 28.5 24.68 21.11 19.1 21.46 16.89 1.748 -12.78 6.192 37.99 59.58 86.44 71.05 62.87 70.1 37.21 53.23 47.7 23.72 13.97 14.52 19.33 5.961 9.926 26.93 22.95 9.323 12.61 -1.088 32.51 24.15 5.91 7.879 8.545 20.38 22.57 16.31 26.03 24.58 12.88 19.05 25.36 21.93 26.65 16.32 26.68 29.06 21.06 15.93 27.29 24.78 25.1 14.87 13.36
51.84 54.78 34.6 39.22 54.33 47.51 32.58 12.79 29.78 48.66 25.57 3.707 5.602 34.21 23.93 64.1 49.65 43.81 25.64 72.27 64.12 49.57 45.64 34.5 34.94 24.9 17.57 2.623 21.68 55.15 70.52 96.01 89.67 82.46 72.23 37.19 30.36 32.66 18.64 19.65 34.25 35.5 22.99 16.49 13.75 25.86 11.22 -0.957 5.336 29.01 13.91 0.1125 0.8723 10.97 15.12 20.24 21.29 22.74 30.04 17.76 3.245 15.38 7.934 32.59 34.69 15.3 20.34 29.79 28.76 35.57 25.29 18.2 12.75 15.76
47.6 54.42 56.42 43.5 37.88 23.16 15.23 12.13 17.88 12.51 5.112 -6.573 -2.718 17.47 7.484 17.11 14.7 28.92 44.43 88.37 68.59 59.43 48.32 31.76 25.49 2.625 -12.7 19.85 47.63 67.6 68.64 59.15 58.75 55.09 56.26 38.39 25.66 26.09 20.08 27.35 25.12 30.89 41.65 32.72 19.73 22.87 5.745 4.089 16.33 15.07 -2.981 2.682 17.38 19.8 22.04 24.33 11.23 11.18 23.51 26.03 3.794 15.81 28.55 39.75 48.39 28.9 27.94 27.24 14.03 24.96 19.86 17.74 10.95 20.86
25.11 32.18 21.13 15.79 0.9867 -7.981 -2.18 28.1 22.05 -10.2 -14.75 4.409 32.1 24 36.79 57.44 79.45 75.84 59.35 56.04 52.59 38.27 35.5 15.46 11.08 -7.427 0.01731 29.43 40.24 44.63 34.63 27.04 40.56 60.93 47.79 37.54 44.3 49.19 37.48 28.38 20.23 20.33 19.1 22.26 14.05 14.03 16.65 30.8 18.92 -3.87 -1.626 7.872 24.33 21.96 12.13 15.2 5.047 11.6 7.95 20.23 7.353 22.97 45.04 27.02 34.72 38.62 21.37 14.26 -2.068 9.72 18.19 31.32 17.12 9.351
2.716 2.285 -8.615 -13.6 -14.74 16.97 48.98 53.21 10.95 -13.75 4.026 27.32 51.52 47.43 70.73 75.92 68.97 58.33 36.51 15.77 23.55 11.92 15.75 7.346 8.099 -9.616 10.36 35.1 18.52 2.453 4.098 11.87 31.4 54.21 46.7 53.39 60.09 56.21 33.28 20.91 15.8 15.65 9.473 16.88 29.89 37.64 39.11 25.41 23.59 -1.68 10.83 19.47 14.89 20.18 18.91 6.807 10.87 8.935 0.00214 13.32 5.948 22.57 45.26 25.63 10.66 12.02 6.175 8.431 -5.875 7.693 19.07 31.15 30.25 23.31
-15.86 -17.21 -9.148 -11.68 16.2 50.85 38.84 13.55 -10.45 4.086 28.05 59.08 65.33 63.03 58.96 50.56 41.57 46.34 31.93 0.9547 -1.774 -6.317 -6.588 -7.512 3.706 -0.3207 -16.3 9.149 17.95 -2.552 5.268 29.62 35.48 59.44 50.75 58.39 65.37 48.42 29.6 34.37 31.81 13.63 10.68 14.3 22.74 33.16 32.2 13.76 15.42 -1.525 -3.063 7.114 1.825 -3.253 0.6335 2.629 2.95 3.562 4.754 16.2 10.56 3.026 23.52 18.7 -2.648 -2.292 -10.95 -6.275 -8.479 -15.7 6.978 20.27 17.65 16.73
-18.26 14.73 -0.3384 10.41 39.54 27.53 -11.71 5.643 2.283 18.75 38.5 57.92 62.49 69.57 54.38 47.49 28.27 25 7.599 12.66 -5.136 -13.22 -11.07 -9.708 -15.17 -8.389 -5.785 10.76 13.34 20.69 5.508 10.43 31.62 51.57 56.3 46.7 47.76 36.09 37.07 39.72 30.96 15.35 19.87 13.57 14.31 18.74 11.92 26.49 20.41 11.95 3.452 -7.173 -3.135 3.191 17.66 22.78 8.771 -0.4158 0.3518 8.141 12.28 -0.8171 -5.837 -5.268 -7.212 12.11 24.45 7.727 8.155 -14.29 -17.77 -0.172 -0.02713 -5.659
18.39 22.38 12.25 43.1 13.7 5.555 10.93 36.41 42.62 53 60.09 40.13 28.87 30.6 40.87 43.73 42.56 20.24 4.883 5.102 -4.227 -0.932 4.446 13.64 11.99 13.18 18.22 35.46 44.36 38.9 26.34 9.359 41.75 65.26 57.24 40.93 30.67 30.84 34.85 36.57 31.36 22.49 33.61 20.74 18.3 28.91 21.64 32.64 21.42 18.01 22.64 9.031 16.55 16.48 24.27 19.53 -3.85 -9.766 -1.616 6.487 16.24 10.61 -12.69 -1.195 13.31 14.52 32.49 33.66 39.99 19.21 -6.942 -10.44 -5.756 1.697
33.19 19.43 22.33 34.35 7.33 33.53 40.4 33.51 45.6 57.03 70.6 59.51 19.55 9.021 2.42 8.44 8.594 6.151 11.65 7.859 20.64 21.52 21.13 28.3 31.92 54.29 34.65 38.09 47.26 44.69 51.89 21.88 41.69 67.56 48.81 40.41 28.32 24.12 29.86 32.11 29.43 23.58 22.06 20.8 11.71 24.4 37.21 27.26 11.23 18.7 27.82 21.08 23.52 21.21 22.08 5.857 -7.049 -3.912 -13.12 -13.85 -7.992 -9.639 -18.83 -4.664 7.664 26.65 46.3 46.29 52.05 45.76 22.57 13.02 4.726 12.91
45.38 36.16 30.94 24.56 33.37 54.17 72.38 49.82 56.79 47.33 39.08 24.37 12.73 12.27 15.1 11 6.938 12.31 36.52 30.09 44.04 49.05 41.02 54.58 72.07 90.74 84.57 75.29 72.47 47.68 43.7 27.66 20.22 51.78 37.04 33.04 21.74 17.19 20.64 22.67 21.75 18.46 18.17 20.77 10.53 20.22 34.83 21.1 20.89 26.13 32.99 33.31 23.53 19.2 13.26 2.038 -14.88 -5.649 -8.735 -18.53 -20.95 -13.17 -6.143 -5.478 1.362 21.14 20.53 29.42 50.54 59.64 28.88 17.31 13.72 16.27
27.36 21.49 36.33 27.99 32.52 27.09 69.88 35.27 32.22 52.62 48.96 22.43 17.67 20.94 26.11 10.39 10.59 27.81 59.39 56.69 52.73 70.76 58.36 71.38 98.46 98.53 94.3 88.73 69.29 44.11 52.68 66.28 25.49 7.591 12.64 25.9 29.11 22.69 11.16 7.422 10.41 14.72 20.2 22.17 14.28 22.59 29.94 23.22 27.78 35.69 34.91 34.28 17.86 15.53 6.362 6.511 -6.816 -14.99 -4.416 -3.023 -0.07553 -6.539 -12.26 -10.91 -6.61 4.277 17.45 28.37 37.68 47.53 27.32 12.61 3.468 3.501
5.413 7.936 55.35 73.31 48.72 33.91 60.47 32.52 40.28 31.1 54.91 46.68 39.73 36.81 23.89 12.18 34.95 60.02 73.11 58.25 81.07 93.07 83.33 93.13 84.98 65.57 38.84 55.33 69.51 68.97 89.38 66.49 34.39 6.611 8.284 26.53 31.26 29.69 6.363 0.1308 13.22 17.61 16.5 22.67 19.71 15.87 21.71 30.3 29.12 37.91 29.7 21.63 10.12 13.62 13.79 9.627 3.826 -14.93 -7.184 2.086 -5.039 -15.67 -14.24 -12.9 -9.383 -6.854 1.684 9.939 11.03 15.35 14.74 7.024 0.2817 3.244
-14.47 15.02 44.04 63.4 34.42 14.65 57.06 23.47 12.28 33.02 64.09 64.02 50.02 51.87 26.99 23.26 47.51 75.22 86.16 81.8 109.2 110.2 97.07 84.34 50.66 49.3 31.21 35.67 69.08 69.02 62.35 21.82 12.94 8.492 16.94 15.77 10.79 1.515 -3.511 1.16 12.4 9.282 8.993 16.36 9.045 11.13 19.28 28.97 29.2 23.97 14.53 11.25 10.71 8.793 16.42 15.42 9.323 -13.66 -6.035 -6.465 -15.59 -23.57 -20.85 -16.67 -8.512 -14.33 -7.743 -4.604 2.804 4.022 6.301 10.5 5.003 0.6274
10.27 33.99 15.14 46.4 29.06 9.097 57.95 25.56 29.34 55.37 79.04 58.59 34.68 32.19 13.76 28.83 54.81 68.57 67.25 65.5 77.18 90.48 76.8 89.43 40.19 22.42 12.34 24.52 32.57 31.07 28.72 1.01 1.131 -0.1624 6.291 1.87 1.226 -0.3139 -3.148 -1.101 1.565 2.05 3.929 6.476 5.622 11.88 15.59 7.926 6.541 3.706 4.158 8.156 16.73 15.3 9.22 1.421 -1.945 -13.55 -6.954 -12.43 -16.92 -24.11 -25.59 -24.06 -20.66 -22.26 -18.91 -13.7 -10.8 -7.468 4.453 15.56 11.31 4.66
2.628 20.34 6.687 39.48 23.53 27.46 62.47 18.27 23.72 43.62 56.5 43.7 34.74 25.94 8.685 25.26 28.55 46.47 42.17 25.7 56.17 84.75 38.13 48.44 37.06 17.46 4.104 5.553 -18.14 -14.16 -13.77 -22.07 -12.23 -9.853 -8.813 -4.501 -6.495 -8.648 -9.157 -8.17 -2.954 -0.6025 -1.767 3.063 5.773 3.369 -9.984 -10.54 -5.93 -6.356 0.6633 7.834 22.37 22.64 11.95 -1.844 -7.999 -13.95 -9.905 -16.24 -19.18 -24.8 -25.09 -23.81 -24.77 -25.85 -25.16 -19.4 -19.24 -12.78 5.849 20.12 18.57 12.22
7.927 -9.422 7.434 31.07 16.25 37.36 78.81 36.04 27.84 59.11 71.13 41.74 37.97 31.46 18.26 29.2 25.93 42.76 35.61 16.99 38.29 67.5 27.15 7.996 -0.1454 -5.584 -20.86 -21.59 -28.15 -26.21 -26.61 -27.63 -28.19 -19.47 -17.59 -15.55 -9.084 -3.81 -4.802 -3.827 -8.301 -8.864 -8.127 -7.916 -8.882 -9.575 -15.59 -10.89 -4.5 -4.114 -2.401 2.61 14.66 15.66 7.769 1.331 -0.3635 -11.68 -18.59 -22.71 -26.9 -28.21 -28.19 -25.55 -26.65 -29.87 -27.41 -21.89 -21.81 -14.52 6.914 24.69 27.21 24.2
29.78 12.64 -3.817 5.65 7.347 6.466 41.31 40.09 25.84 43.69 39.64 37.04 40.5 42.04 23.41 15.74 22.16 28.01 25.63 23.47 20.54 23.91 6.571 -10.53 -32.65 -39.33 -26.16 -23.98 -21.42 -25.02 -23.67 -26.46 -30.36 -24.6 -20.42 -11.79 -4.34 2.7 2.552 0.05484 -3.292 0.574 -3.683 -4.506 -7.223 -12.93 -7.303 -11.39 -9.486 -7.993 -2.239 2.317 11.7 11.16 8.395 0.497 -1.28 -8.146 -18.5 -23.65 -27.63 -30.04 -28.56 -26.84 -28.63 -31.45 -30.42 -26.81 -23.61 -16.16 1.507 19.58 25.9 23.74
2.407 -3.739 16.82 22.09 16.02 23.85 17.48 4.393 7.979 25.49 20.3 24.41 33.04 42.93 19.01 16 18.95 21.03 5.593 7.798 -4.737 -11.34 -26.43 -32.67 -32.49 -19.11 -18.68 -20.58 -18.76 -25.04 -20.36 -23.4 -20.37 -21.02 -18.67 -12.63 -3.296 1.771 2.99 3.246 2.014 -0.4041 0.7035 -5.63 -9.707 -13.1 -8.272 -10.76 -7.254 -11.7 -9.778 -4.45 8.623 10.06 7.643 2.289 -1.2 -7.597 -14.73 -20.19 -23.79 -28.19 -28.64 -26.61 -27.58 -29.71 -33.46 -35.21 -31.4 -19.94 -1.572 10.79 17.45 18.9
14.01 19.52 40.07 52.34 40.49 55.56 50.01 29.32 8.153 11.36 -5.352 15.5 38.73 37.04 13.43 7.716 16.46 26.51 8.444 5.358 -6.636 -14.46 -22.94 -17.46 -14.76 -14.45 -8.735 -12.63 -21.71 -26 -16.54 -20.48 -19.28 -19.18 -19.04 -14.04 -5.16 -2.096 1.545 1.344 4.554 -0.6017 4.502 -3.383 -10.75 -13.64 -9.938 -10.41 -3.582 -7.245 -4.756 -6.205 -0.2202 3.842 2.602 -0.4211 -3.506 -8.142 -13.88 -16.5 -20.41 -26 -27.75 -26.48 -26.19 -28.4 -33.61 -36.03 -29.87 -18.94 -8.584 2.379 12.78 21.44
20.97 25.98 49.28 57.29 52.52 60.5 59.1 35.03 39.48 51.36 -6.448 14.48 43.98 9.289 10.13 21.04 24.48 23.01 12.46 6.995 5.233 -6.002 -12.02 -8.246 -8.395 1.94 -7.415 -16.78 -18.64 -19.95 -12.07 -16.51 -15.23 -19.08 -18.84 -18.47 -8.915 -2.65 -0.4861 -2.498 5.747 -1.134 2.86 0.6979 -11.29 -11.77 -5.697 -6.009 -0.6405 -5.518 -4.367 -3.682 -2.778 -1.089 -2.91 -3.874 -7.115 -11.01 -15.58 -15.28 -17.38 -22.31 -24.41 -26.37 -26.04 -26.78 -28.11 -26.83 -18.17 -10.57 -6.794 3.446 19.51 31.72
28.44 31.15 50.91 52.85 53.54 55.88 45.23 46.42 53.59 53.88 24.6 10.92 24.22 9.821 29.06 29.69 27.59 15.28 6.54 1.157 -0.4052 -12.05 -12.61 -2.756 -0.1104 0.05027 -5.05 -4.221 -12.88 -16.04 -10.29 -15.14 -17.75 -18.28 -17.03 -16.54 -10.33 -0.2845 0.6945 -5.24 4.448 4.062 1.971 4.076 -0.06113 -3.599 1.948 2.112 6.698 2.304 1.48 -1.639 -2.574 -1.53 -3.669 -6.162 -11.46 -13.88 -13.65 -13.61 -13.09 -14.89 -19.23 -24.53 -25.64 -24.14 -21.83 -17.88 -11.62 -2.653 1.664 11.16 28.4 42.84
33.19 36.87 48.58 51.24 50.62 52.1 47.73 49.99 50.02 42.64 32.68 -1.82 -3.847 8.301 24.26 19.19 19.51 13.64 12.39 9.682 1.536 -12.6 -14.89 -2.963 2.469 -0.1184 2.932 -3.36 -4.127 -10.32 -12.37 -12.35 -17.21 -15.36 -16.38 -9.839 -7.465 3.955 4.27 0.3226 5.819 6.444 6.115 8.886 7.269 5.678 15.63 12.84 15.54 11.86 5.895 1.848 -2.15 0.3563 0.1717 -4.481 -10.33 -13.08 -11.48 -10.14 -6.958 -7.274 -11.76 -20.83 -23.07 -21.74 -17.42 -12.83 -8.395 -3.366 0.9068 10.94 27.98 46.52
42.56 50.52 51.56 47.98 41.66 42.61 46.48 46.2 50.07 47.55 35.33 31.52 14.64 0.5351 15.46 11.34 13.7 12.6 6.32 5.847 -9.462 -17.21 -13.59 -3.805 -1.323 8.651 12.38 2.086 5.041 -3.075 -11.53 -7.368 -13.9 -11.21 -10.39 -3.381 -1.565 10.12 9.423 8.334 11.58 10.18 13.31 15.16 14.78 16.71 23.75 23.77 23.96 20.04 12.97 5.472 0.9889 3.575 2.3 -1.244 -8.251 -10.66 -8.878 -8.078 -5.089 -4.855 -9.11 -18.54 -21.67 -20.56 -15.5 -9.086 -6.839 -5.483 -3.231 6.852 23.95 43.16
41.35 50.43 49.85 48.23 33.01 31.4 30.8 39.25 46.08 52.09 37.2 33.89 29.69 -7.451 1.19 2.029 6.562 5.989 -5.77 -7.178 -11.15 -14.11 -3.797 0.6397 4.078 14.84 13.58 7.336 9.944 5.229 -8.563 -4.011 -3.346 -4.366 -5.583 1.771 4.39 14.32 17.41 15.11 18.27 16.56 18.03 19.91 19.34 24.23 29.11 30.83 29.01 24.8 17.17 10.31 5.238 5.395 4.513 0.9483 -3.662 -7.01 -7.529 -7.774 -5.912 -6.07 -10.03 -17.14 -20.77 -20.73 -16.2 -5.151 0.9916 -2.484 -4.187 4.375 22.42 41.22
