FAA_gravity.grd
DSAA
561 521
-2800 2800
-2600 2600
-281.215183039 331.30478760555
[rows 132 to 164 of 521, columns 296 to 369 of 561]
39.32 39.52 34.72 25.63 15.74 4.835 -4.466 -9.49 -5.17 7.153 24.15 41.76 51.73 52.78 54.5 56.32 51.7 40.66 32.45 29.39 22.87 15.91 15.01 24.04 33.5 35.04 50.81 81.02 98.73 91.37 78.8 61.19 37.65 0.8128 -11.73 -22.25 -45.3 -64.04 -77.03 -85.04 -75.25 -66.22 -56.6 -41.32 -28.7 -30.16 -38.96 -52.86 -59.01 -65.6 -69.51 -71.48 -72.53 -74.17 -74.77 -71.56 -66.17 -56.68 -51.82 -48.06 -45.36 -40.89 -39.28 -34.78 -29.95 -25.96 -18.91 -14.15 -13.81 -10.45 -11.52 -13.06 -13.43 -15.42
38.29 32.75 25.09 21.7 25.9 24.1 10.72 -4.404 -12.9 -10.86 0.4192 20.07 37.93 43.45 39.28 41.88 48.61 49.57 44.43 36.09 31.48 30.79 36.84 46.81 51.59 39.99 37.95 62.88 94.47 102 93.42 89.12 76.49 27.65 2.151 -4.853 -14.22 -22.43 -43.07 -64.67 -70.49 -62.1 -49.41 -32.34 -23.67 -26.63 -36.26 -47.97 -55.18 -59.21 -69.31 -73.83 -74.74 -75.75 -75.35 -72.54 -68.47 -59.68 -56.46 -52.22 -47.73 -43.52 -41.23 -38.46 -34.6 -26.13 -20.99 -13.32 -12.74 -17.15 -14.5 -14.86 -19.25 -16.12
36.38 29.44 22.14 23.1 31.25 32.24 24.82 10.91 -3.076 -7.481 -4.688 11.83 39.54 55.5 40.43 25.84 31.4 42.95 45.34 37.17 30.83 32.07 39.68 51.64 58.22 46.61 31.03 42.66 76.7 94.45 96.33 93.44 86.45 59.49 25.01 13.18 2.45 6.509 1.674 -26.81 -54.37 -51.54 -41.49 -22.59 -16.4 -25.46 -31.84 -37.07 -43.54 -51.52 -63.74 -69.91 -75.14 -77.25 -76.69 -73.74 -68.05 -62.13 -60.08 -57.44 -56.84 -50.14 -45.54 -38.79 -34.71 -28.24 -22.85 -14.78 -15.81 -20.71 -20.14 -15.27 -19.36 -21.48
30.51 24.76 21.88 26.1 30.09 30.16 28.81 24.76 14.9 5.71 2.47 13.69 47.22 72.73 55.89 25.15 14.54 20.8 25 21.23 13.48 15.44 19.36 30.28 43.07 44.26 29.87 26.49 49.7 73.8 85.47 93.29 98.14 88.71 61.33 43.17 20.72 10.59 8.324 -7.258 -32.14 -37.5 -30.06 -11.37 -0.8442 -3.263 -4.635 -16.05 -34.91 -50.54 -63.71 -70.47 -76.65 -78.24 -78.25 -74.04 -70 -66.84 -64.28 -60.67 -60.53 -52.98 -48.57 -41.63 -38.37 -34.49 -27.5 -19.07 -17.8 -22.54 -25.31 -19.74 -24.32 -31.63
24.38 20.25 17.84 22.79 24.86 24.84 27.84 29.49 25.85 18.25 13.05 17.38 41.84 69.03 63.83 37.18 17.72 11.55 9.805 9.405 11.05 14.15 14.05 16.54 27.76 38.23 30.11 19.3 32.3 57.1 71.37 85.69 102.3 108.1 90.7 69.2 41.58 17.34 11.57 4.886 -12.7 -19.56 -15.22 -3.558 6.702 14.7 13.79 -2.371 -27.08 -51.15 -64.23 -67.96 -74.03 -76.31 -77.41 -74.68 -73.36 -69.67 -69.38 -66.68 -62.31 -57.27 -51.45 -45.46 -44.49 -38 -34.62 -28.16 -26.15 -29.62 -29.7 -28.24 -29.22 -39.92
13.53 14.71 12.3 12.73 16.25 18.5 23.5 28.97 28.54 21.64 16.69 18.31 28.96 47.86 52.33 43.97 34.76 24.77 15.31 10.63 12.76 20.27 24.53 24 26.26 30.42 23.97 15.9 24.22 39.08 53.85 73.22 98.38 111.2 98.27 79.22 57.78 36.33 22.19 15.24 3.694 -1.418 -5.897 1.665 14.77 25.33 20.14 6.79 -12.43 -39.63 -53.71 -58.52 -67.61 -70.6 -74.74 -74.06 -72.46 -73.06 -72.41 -68.25 -64.31 -60.67 -55.81 -50.75 -49.04 -44.33 -38.18 -32.58 -32.77 -32.36 -35.24 -33.24 -34.75 -52.72
-0.2357 4.906 7.845 6.641 6.507 10.22 16.61 23.47 25.43 22.3 23.17 23.34 24.2 30.06 34.36 35.17 36.2 34.37 24.1 14.97 16.73 26.34 34.26 36.87 31.01 19.24 10.86 11.63 23.74 30.83 38.42 60.1 87 100.7 97.88 85.48 70.55 53.21 23.82 19.89 18.87 9.467 -1.655 -0.5389 12.56 25.02 29.66 24.03 5.087 -21.4 -41.6 -54.57 -60.39 -62.72 -67.33 -64.35 -64.43 -70.02 -70.3 -69.61 -68.38 -62.62 -59.69 -56.89 -54.62 -51.09 -45.99 -41.73 -38.39 -36.66 -39.31 -40.11 -47.99 -61.82
-14.05 -7.842 -4.29 -3.6 -2.449 0.5518 7.376 14.47 19.03 20.91 25.69 27.48 26.21 28.29 28.59 25.58 26.31 29.99 25.66 17.72 23.78 36.47 41.42 39.86 29.06 9.377 -0.1818 13.42 35.76 39.16 36.1 50.46 74.45 90.64 91.66 78.9 64.53 51.85 27.27 15.74 21.67 17 4.229 0.1958 10.36 20.55 26.78 28.76 17.84 -5.065 -32.95 -52.02 -53.61 -52.41 -55.92 -53.92 -57.84 -63.04 -65.08 -69.84 -69.43 -64.96 -62.82 -59.78 -60.27 -58.81 -57.85 -54.63 -48.32 -44.41 -41.55 -48.9 -59.41 -63.21
-13.6 -14.99 -15 -14.53 -11.44 -7.753 -2.622 2.547 6.918 12.55 19.84 25.11 27.73 33.41 35.96 33.13 32.04 35.19 34.24 23.9 25.89 38.83 43.52 40.04 27.31 5.354 -3.625 15.89 49.54 59.8 49.28 44.59 60.07 78.05 81.79 70.89 58.5 58.31 50.59 22.26 11.75 13.46 10.75 6.221 9.53 13.07 18.77 26.42 25.81 8.397 -19.94 -41.62 -48.44 -40.63 -43.46 -46.29 -49.77 -54.23 -57.47 -64.29 -66.54 -68.37 -68.55 -67.68 -66.89 -67.82 -65.82 -62.34 -57.17 -55.45 -51.78 -50.2 -53.41 -54.55
0.4779 -9.164 -15.13 -17.38 -15.63 -11.57 -8.593 -6.318 -2.372 4.47 12.47 17.81 22.68 29.66 36.05 39.22 43.16 51.26 49.21 32.94 20.8 23.02 28.11 32.18 27.27 11.82 0.945 15.99 51.16 66.51 57.06 45.76 51.71 64.59 71.06 66.9 59.19 49.28 40.27 27.52 9.311 4.289 9.786 3.841 2.651 3.206 7.033 16.91 23.01 18.29 -2.485 -25.45 -34.55 -26.22 -24.54 -29.28 -38.07 -45.94 -48.21 -56.48 -63.99 -70.28 -70.79 -71.55 -70.99 -75.03 -75.06 -73.06 -66.89 -62.79 -64.68 -54.89 -39.54 -28.14
17.48 7.422 -2.459 -9.821 -12.23 -9.213 -3.398 -0.8391 1.738 4.654 8.571 9.776 11.25 17.02 23.62 31.47 42.96 54.06 54.12 42.58 29.84 22.07 23.74 31.78 32.54 23.64 13.54 25.36 56.2 68.15 56.49 47.45 52.14 57.73 63.47 64.43 58.93 41.81 26.72 19.74 10.72 5.111 7.8 5.107 -2.008 -4.366 -1.378 8.84 16.18 20.04 6.786 -8.532 -15.07 -15.54 -15.82 -24.12 -34.77 -40.82 -40.85 -48.24 -61.05 -70.55 -72.92 -75.19 -76.34 -79.67 -80.15 -76.86 -74.26 -63.35 -60.31 -52.32 -25.36 -3.618
28.4 24.06 16.39 4.075 -7.784 -9.763 -3.604 4.97 10.27 10.64 9.114 6.521 7.259 14.11 18.25 19.4 27.82 41.16 47.18 45.46 40.19 33.73 36.29 47.21 48.32 39.01 30.39 42.06 67.02 70.23 56.59 56.17 62.9 58.55 55.95 54.46 45.77 28.39 17.63 13.08 15.67 14.96 2.546 2.627 0.2209 -3.449 -5.499 -2.73 6.682 16.16 8.779 0.285 -7.442 -12.9 -15.77 -19.54 -25.39 -31.76 -40.69 -48.77 -59.25 -74.01 -75.7 -76.92 -80.67 -80.78 -80.3 -72.83 -71.15 -60.64 -47.24 -31.03 -6.229 8.083
33.17 39.35 36.42 21.23 0.9728 -10.75 -11.32 -4.037 3.25 7.256 8.361 5.592 9.021 18.06 21.89 17.96 17.36 23.8 31.05 34.66 34.5 35.63 43.26 56.12 58.22 46.73 34.01 43.6 64.31 70.66 66.17 68.01 67.96 54.81 42.72 36.27 30.7 23.19 17.9 17.27 18.98 25.55 13.62 4.964 6.68 5.02 -3.383 -11.19 -5.287 6.094 0.72 -5.409 -8.354 -13.76 -18.93 -20.63 -25.3 -30.68 -40.92 -48.14 -52.87 -68.87 -75.15 -79.5 -81.76 -73.69 -73.29 -67 -55.44 -48.15 -30.96 1.749 19.15 22.02
30.07 44.39 51.3 40.41 13.83 -8.181 -15.38 -13.5 -5.033 1.094 6.379 5.778 6.44 11.14 14.46 14.61 16.8 22.02 29.23 32.57 34.9 41.01 44.89 49.56 50.3 37.85 26.38 34.71 53.68 69.27 75.66 74.57 68.87 56.39 47.72 43.91 36.47 33.78 32.02 28.96 25.52 27.41 17.33 10.97 12.68 9.996 0.05871 -15.1 -13.63 -5.968 -12.18 -16.36 -16.63 -20.98 -23.95 -25.02 -28.9 -36.93 -42.22 -50.08 -59.03 -69.76 -76.44 -79.45 -79.3 -72.89 -70.43 -59.99 -34.66 -19.05 6.242 41.51 52.71 54.67
16.61 35.51 52.42 50.13 26.9 1.449 -11.72 -13.36 -7.324 -1.52 4.367 6.986 6.093 3.72 4.873 8.921 15.68 22.56 29.55 34.44 38.21 45.21 48.67 46.4 41.83 30.41 24.54 40.18 58.26 68.54 70.01 60.48 53.25 50.21 47.01 45.57 41.74 38.79 35.87 29.23 21.05 18.44 12.51 18.27 15.24 6.812 -1.959 -17.94 -16.21 -13.17 -20.63 -22.39 -18.99 -20.46 -24.47 -27.27 -32.56 -41.63 -47.99 -55.3 -63.47 -68.11 -67.85 -66.58 -66.76 -63.44 -57.64 -38.63 -2.523 18.94 40.83 60.01 63.15 66.66
3.242 18.76 33.6 40.76 30.84 13.39 -1.588 -7.725 -7.853 -4.194 1.346 6.577 9.186 9.215 5.802 4.463 9.413 16.35 21.58 27.64 35.26 47.37 54.91 53.54 46.17 32.95 29.38 49.31 64.17 62.15 57.32 50.07 45.67 40.85 31.1 23.68 19.52 17.74 18.05 16.1 12.93 16.32 18.37 22.99 15.98 6.812 -0.2958 -12.87 -18.32 -14.65 -24.01 -27.96 -23.97 -24.06 -26.02 -27.69 -33.84 -42.8 -54.38 -62.34 -65.81 -65.87 -62.85 -54.34 -42.94 -28.41 -22.99 -5.466 32.82 57.56 67.19 72.44 70.17 66.28
-1.998 5.185 9.046 17.36 19.51 17.78 11.98 4.857 -0.5595 -2.25 -1.601 1.771 4.524 6.868 3.682 2.388 6.449 11.81 14.59 19.93 31.64 47.77 57.54 59.65 56.51 41.85 33.61 45.94 57.35 56.07 59.65 64.03 67.29 59.36 41.55 24.73 14.78 10.85 11.15 14.98 16.95 20.8 24.37 23.63 18.24 12 4.129 -4.659 -20.62 -26.66 -36.98 -40.17 -32.11 -29.73 -28.97 -28.57 -31.79 -39.14 -49.52 -60.09 -65.34 -66.26 -58.85 -28.37 -6.362 6.044 20.66 38.69 59.09 74.06 73.37 72.82 71.47 67.75
8.812 9.552 9.965 7.545 8.003 11.88 16.95 16.72 11.72 7.385 3.96 2.258 2.529 3.778 1.665 1.538 7.141 13.72 16.3 19.85 29.43 41.76 51.01 58.36 63.31 52 41.48 48.35 57.05 54.05 58.18 66.84 69.99 62.8 46.49 32.46 27.05 25.21 25.9 26.98 24.44 20.76 18.74 16.89 16.31 18.13 16.27 3.166 -21.67 -36.11 -41.31 -47.15 -39.26 -40.19 -41.12 -35.39 -30.23 -34.09 -44.23 -55.92 -61.03 -57.46 -32.88 24.52 48.27 51.72 59.3 65.69 67.82 70.29 68.34 67.83 65.34 58.68
29.08 26.8 21.47 10.72 1.393 -0.09737 7.351 13.69 17.45 14.65 10.23 8.074 5.059 2.717 2.511 4.611 9.501 15.56 18.94 18.82 22.16 28.45 35.35 50.16 59.89 52.51 44.42 49.91 55.53 49.83 45.89 47.87 47.22 40.81 30.19 24.61 27.69 32.1 34.37 32.65 26.15 19.54 18.49 21.37 25.4 24.76 22.63 8.764 -9.756 -26.95 -38.65 -51.24 -50.76 -47.42 -42.51 -40.09 -36.66 -36.76 -40.69 -47.88 -49.19 -41.07 -8.463 51.69 77.66 76.64 71.29 68.54 68.48 69.84 65.24 56.63 47.2 36.96
36.16 40.87 26.57 13.29 3.613 -5.899 -4.743 2.042 11.22 15.39 14.4 12.43 8.99 5.782 3.172 4.594 9.128 15.41 16.99 15.51 18.2 23.56 28.81 40.26 46.22 41.01 37.76 42.16 43.69 40.42 37.82 35.95 31.83 26.24 19.43 15.63 19.6 24.29 27.86 30.14 27.59 23.77 23.39 32.18 41.56 35.12 23.75 11.42 -0.8957 -20.62 -34.94 -47.98 -54.29 -50.29 -47.64 -50.42 -49.46 -49.87 -42.11 -32.87 -23.5 -16.57 7.789 45.77 68.39 72.71 73.16 70.18 67.66 67.23 60.32 49 41.32 26.02
28.28 31.9 18.87 9.029 5.527 -1.774 -9.171 -7.744 0.99 9.602 14.94 19.55 17.07 10.31 6.793 9.058 12.37 15.92 15.93 15.3 19.12 23.27 25.56 28.91 29.48 28.68 31.6 34.21 31.62 28.57 28.24 27.38 24.93 21.88 17.18 13.27 13.04 15.08 17.11 21.18 21.17 17.02 14.08 28.72 44.57 39.31 20.17 5.712 -6.795 -25.67 -39.7 -46.87 -49.99 -53.15 -50.84 -49.2 -49.81 -55.43 -47.69 -23.28 -1.296 1.421 15.81 43.34 59.2 65.43 66.53 63.99 62.02 62.08 52.01 42.16 35.66 20.97
13.4 11.57 10.29 6.517 2.635 0.8775 -4.81 -12.09 -9.423 0.3929 11.15 21.12 25.84 21.71 14 11.38 13.05 12.39 13.24 12.97 16.95 20.93 23.42 23.49 18.5 18.45 25.56 27.87 23.95 21.31 22.02 21.32 18.1 17.7 14.23 9.492 9.158 10.24 9.206 15.79 21.7 19.33 11.8 18.75 36.41 39.81 24.87 5.917 -13.57 -35.31 -49.38 -50.52 -53.46 -59.13 -54.74 -47.95 -44.39 -50.37 -47.69 -21.63 -0.4822 4.63 21.95 44.4 51.36 56.25 59.38 53.26 48.15 47.63 33.71 27.33 27.44 22.19
6.229 -2.6 -6.34 -6.916 -3.212 -0.1509 -2.346 -9.421 -11.8 -8.489 1.003 13.18 27.35 29.99 21.72 15.11 13.57 10.9 10.23 12.86 19.23 20.15 19.85 17.9 13.54 14.31 17.84 18.21 15.83 16.04 18.72 18.16 15.36 14.03 11.41 6.176 5.934 10.09 11.82 16.23 25.36 25.36 15.58 14.62 28.99 36.29 26.53 8.921 -13.23 -37.87 -51.55 -50.05 -54.37 -54.13 -42.97 -32.29 -42.29 -54.93 -46.01 -29.06 -13.79 1.831 25.34 44.43 51.92 54.18 48.39 40.36 33.13 26.83 14.77 15.89 18.23 11.31
27.93 10.65 -5.77 -7.05 -2.645 5.112 5.059 -4.983 -13.11 -12.64 -7.58 1.804 18.49 30.21 25.05 14.6 11.05 10.21 8.514 13.15 23.06 21.38 13.87 9.552 9.17 10.95 12.25 9.568 7.73 10.12 15.46 16.82 16.19 12.74 11.68 7.255 7.729 13.87 15.63 14.83 22.29 27.81 23.13 17.27 22.73 29.6 27.85 14.57 -3.763 -24.52 -41 -44.46 -49.92 -56.4 -53.38 -34.55 -42.32 -66.95 -56.23 -43.39 -27.06 0.0842 24.92 39.2 47.69 47.17 35.7 30.37 26.31 18.79 12.76 12.83 7.873 -0.0531
36.52 33.32 10.09 1.617 3.917 11.52 11.51 1.889 -10.37 -16.66 -16.2 -6.716 6.176 20.4 21.17 13.47 8.936 10.19 11.53 13.24 18.41 15.82 7.499 5.401 11.27 19.43 18.8 10.53 5.719 5.035 9.058 16.54 20.22 18.56 16.43 11.93 11.65 18.65 21.15 15.82 14.13 18 20.31 17.74 17.6 18.73 20.78 18.75 11.75 0.5218 -14.43 -28.37 -39 -45.06 -50.46 -44.7 -46.71 -71.29 -67.38 -49.73 -27.2 2.545 20.92 30.95 38.2 34.81 27.02 23.03 22.03 17.37 15.54 9.891 5.962 0.5274
17.16 33.01 23.26 11.2 11.43 14.47 14.35 6.188 -2.693 -14.06 -20.94 -19.31 -10.41 2.829 14.82 14.65 6.227 6.224 7.747 8.795 8.777 6.633 3.591 5.789 14.06 23.48 23.21 20.54 12.11 7.43 4.885 9.456 14.27 15.76 15.45 16.59 17.91 22.49 22.18 16.48 11.88 11.02 14.96 18.65 17.67 14.06 13.06 14.02 19.69 23.91 15.19 -1.24 -15.75 -21.63 -28.08 -46.16 -63.42 -72.89 -70.83 -55 -32.4 -16.12 -4.974 12.05 24.11 29.11 28.29 22.05 15.84 11.83 17.2 13.41 16.06 15.41
11.32 12.07 21.25 25.44 27.19 15.71 11.34 8.055 5.261 -7.158 -16.41 -20.48 -15.8 -4.994 8.628 12.51 6.15 2.32 5.187 10.38 10.07 8.388 3.752 5.677 12.91 17.51 13.74 15.3 18.39 15.05 7.931 6.464 8.682 13.13 17.75 19.83 22.41 27.47 28.56 25.67 18.87 16.98 19.63 25.29 25.02 17.97 9.645 7.152 12.97 20.29 18.4 9.06 5.963 7.341 -4.567 -36.19 -62.61 -72.96 -73.93 -65.5 -52.56 -35.43 -21.22 -8.756 7.218 24.01 26.93 19.74 15.71 11.88 14.74 19.19 22.94 20.45
23.35 11.05 28.26 28 32.87 25.61 14.16 13.34 11.76 2.639 -7.599 -16.24 -20.37 -13.02 2.643 9.668 7.264 0.02776 0.3625 5.793 11.14 8.893 8.389 10.31 17.63 14.27 6.277 5.912 17.27 17.77 11.79 6.513 8.87 14.11 19.96 24.66 24.79 29.05 31.57 30.05 29.16 30.96 33.31 37.15 33.97 25.27 12.49 -0.1792 -6.312 -7.691 -4.904 -0.998 6.74 15.55 5.467 -24.1 -44.52 -56.47 -66.42 -72.43 -64.12 -34.13 -13.95 -3.937 5.915 16.75 24.97 24.52 27.45 16.94 3.499 12.74 16.47 14.68
24.97 16.95 34.51 33.65 28.01 22.11 17.34 26.58 18.17 8.681 3.411 -4.393 -5.858 -2.127 2.377 0.4281 1.191 0.9843 -3.486 -2.587 12.08 17.84 25.36 13.43 23.86 20.78 6.249 6.27 16.6 17.59 12.72 7.988 13.2 19.49 25.88 26.83 24.05 26.74 32.41 34.79 38.5 41.96 42.29 45.33 45.03 39.34 25.24 1.257 -14.84 -19.73 -15.65 -6.157 6.494 14.37 9.678 -6.543 -15.98 -26.11 -39.54 -45.49 -36.49 -18.33 -4.519 6.638 16.66 25.32 29.83 28.06 27.65 10.7 0.2935 12.67 12.18 13.75
54.61 36.47 29.31 20 13.35 2.939 -3.03 4.574 1.875 7.773 9.854 6.629 12.94 15.14 16.79 21.22 28.03 29.08 19.38 -3.002 0.09065 20.44 32.94 23.36 22.34 17.78 8.224 9.446 22.13 24.04 16.55 12.4 17.01 19.15 22.78 23.74 22.88 20.64 23.97 26.11 29.3 37.56 39.17 40.69 44.7 48.43 35.99 15.37 -0.03853 -3.107 3.595 15.49 24.77 29.21 30.54 22.43 12.8 -1.66 -15.35 -15.13 -5.251 7.198 17.23 24.34 33.58 39.43 36.09 31.46 27.19 13.95 4.204 12.94 18.2 17.73
69.98 61.19 48.83 19.78 11.1 9.787 13.93 5.673 -17.14 -4.757 6.058 6.321 6.989 0.7208 0.03511 12.82 30.38 35.63 34.34 8.071 -3.85 21.13 24.06 24.77 15.77 11.29 15.84 12.09 18.27 23.53 21.2 12.72 13.79 16.39 18.16 19.29 9.155 9.039 10.9 17.25 19.22 22.5 23.87 29.47 35.79 43.09 37.83 26.15 21.79 26.1 31.1 44.78 56.11 56.4 52.45 45.96 31.74 14.48 4.927 6.174 12.5 18.79 25.34 30.23 35.71 36.6 33.04 30.58 29.68 24.66 8.006 8.715 19.57 16.16
53.32 48.94 56.84 46.7 20.64 7.849 23.32 30.21 -7.942 -13.29 0.5401 5.53 1.752 -7.148 -15.52 -16.61 -8.024 0.3559 13.54 13.34 -1.193 15.9 28.94 18.36 12.83 14.25 16.1 13.03 12.94 13.94 18.04 21.18 15.51 10.78 10.71 10.66 3.318 3.847 -5.973 8.414 9.028 18.33 18.21 14.16 25.39 33.07 34.47 35.75 33.04 34.06 41.98 52.05 60.79 62.01 59.34 53.68 40.95 25.63 18.17 18.14 20.1 21.65 24.68 24.53 26.46 28.6 30.95 33.41 35.57 31.18 17.89 9.262 12.15 11.87
35.88 34.82 28.17 36.58 39.35 35.36 27.53 28.34 1.533 -13.38 -6.698 4.065 3.205 -8.423 -18.03 -20.83 -16.69 -7.223 -0.2896 7.697 7.775 6.286 24.5 21.47 17.19 12.7 8.842 10.52 10.41 8.431 6.465 12.64 18.73 18.65 12.77 3.096 2.102 10.58 2.935 22.28 15.34 20.53 28.03 10.97 20.26 35.31 45.12 47.93 43.94 39.03 40.6 44.14 49.5 48.28 46.49 44.52 39.13 31.53 23.98 22.1 20.05 17.75 20.16 22.75 25.06 26.39 28.38 31.16 34.1 32.46 22.47 10.78 8.226 4.765
