FAA_gravity.grd
DSAA
561 521
-2800 2800
-2600 2600
-281.215183039 331.30478760555
[rows 165 to 197 of 521, columns 74 to 147 of 561]
36.32 42.3 42.5 30.74 19.97 23.49 39.9 36.3 38.37 47.96 50.36 45.94 27.26 -7.578 -6.703 -3.21 4.196 2.71 -1.351 7.246 1.68 -3.17 -1.071 2.931 10.72 17.92 12.61 11.42 12.45 9.246 -2.299 -1.682 0.7263 2.595 0.7029 5.246 10.31 20.8 24.83 21.46 21.92 20.34 19.2 18.28 20.67 26.95 30.11 29.36 28.87 24.86 18.04 12.1 5.595 4.216 4.646 3.618 0.5287 -1.069 -3.303 -6.217 -6.389 -6.227 -10.37 -15.5 -18.33 -19.79 -17.02 -3.694 5.75 1.08 -3.927 2.249 22.51 39.5
25.26 31.29 26.29 21.32 23.93 34.7 31.84 26.93 26.69 22.34 14.9 14.56 5.797 -8.964 -19.7 -16.8 -8.683 -6.155 -1.242 13.76 6.678 0.5962 0.688 7.903 17.47 16.89 11.77 9.275 10.63 4.053 -0.316 1.956 6.137 7.939 5.946 7.226 10.72 20.83 27.16 26.94 23.77 20.4 17.17 14.27 17.36 22.28 22.99 21.31 22.57 18.86 14.65 10.76 7.488 5.457 6.539 7.751 6.216 4.731 -0.2081 -3.15 -3.073 -4.935 -10 -12.97 -12.72 -14.05 -13.65 -2.901 8.657 3.869 -3.957 0.2115 17.69 28.61
17.55 20.85 13.65 13.69 19.83 43.63 24.24 27.38 25.11 26.46 8.255 4.335 7.9 8.869 -19.17 -15.4 -6.799 3.309 7.29 17.89 12.56 7.389 3.482 9.807 13.85 15.48 9.944 8.767 8.423 -1.322 -0.7263 4.851 6.12 10.78 8.987 3.898 4.835 12 19.15 20.08 19.86 16.61 14.6 10.41 10.66 13.31 11.24 10.7 13.74 12.83 10.99 10.97 9.777 8.393 9.946 12.65 12.98 9.252 2.589 -2.251 -2.77 -3.713 -7.008 -7.903 -6.78 -7.352 -8.72 -2.041 8.582 5.855 -1.754 -1.315 7.683 12.98
7.019 11.16 6.67 7.615 5.347 27.15 12.2 23.68 15.72 37 34.14 15.23 6.092 -7.308 -18.66 -4.2 4.349 11.08 9.71 20.72 16.18 8.453 9.166 12.19 12.8 8.546 3.965 8.613 5.999 -1.965 -1.708 5.407 9.418 9.859 2.964 -2.841 0.06323 4.618 10.06 14.6 14.98 14.27 11.94 8.227 6.778 6.588 6.51 7.846 8.183 8.713 10.57 11.93 11.67 10.65 12.23 15.67 17.28 14.65 6.422 0.5412 0.1136 -1.14 -3.407 -3.022 -2.758 -3.99 -6.36 -3.976 3.322 3.557 -0.3479 1.047 1.556 1.807
2.238 13.19 7.482 20.26 20.23 12.13 -11.86 -17.03 7.346 29.37 6.837 1.825 -8.533 -21.96 -10.93 -0.4615 7.79 12.34 10.58 19.23 15.31 12.27 10.59 7.269 5.197 2.423 3.788 5.381 1.579 -1.164 -0.3381 0.06537 3.67 2.749 0.5922 -5.975 -7.368 -2.751 1.932 7.139 9.487 9.42 8.414 7.991 5.862 6.849 7.427 8.99 9.911 10.14 13.59 14.77 13.24 11.31 13.55 17.5 20.69 20.26 13.18 7.33 5.997 3.444 0.01783 -0.4142 -0.5324 -2.906 -6.725 -9.266 -6.192 -0.5706 3.257 5.247 2.292 -1.102
7.016 7.918 8.09 22.37 23.21 5.101 -8.684 -22.33 -18.67 6.758 -9.769 -16.07 -18.73 -11.91 -3.479 0.81 14.72 16.98 12.35 16.52 14.34 13.85 8.498 -0.169 -4.173 -2.817 -0.527 1.018 -2.785 -4.436 -4.151 -6.316 -5 -4.983 -5.848 -8.122 -7.117 -7.961 -5.74 -1.199 1.801 3.601 4.385 5.222 3.855 4.294 6.676 10.69 12.36 13.74 16.63 16.57 13.48 11.9 14.96 19.32 23.25 23.19 17.71 12.76 11.29 6.108 1.04 0.4209 -0.9557 -4.099 -8.711 -11.57 -10.66 -2.641 4.635 5.306 1.713 -1.281
7.878 3.318 6.697 13.11 9.563 -4.788 -10.28 -21.76 -27.6 -11.1 -9.176 -19.03 -23.88 -11.11 -5.015 1.866 15.1 19.09 10.68 13 11.12 4.88 2.229 -1.685 -9.999 -8.788 -7.662 -8.006 -9.648 -12.45 -14.6 -13.01 -12.88 -13.33 -10.87 -8.431 -6.58 -5.147 -3.58 -2.886 -3.292 -0.02355 2.96 4.106 2.938 0.4395 1.821 5.853 8.414 11.07 13.77 13.05 10.8 10.31 14.81 20.42 23.94 23.11 18.37 15.07 12.93 8.252 4.98 2.035 -0.9552 -2.882 -4.858 -8.079 -9.412 -4.608 1.98 0.9122 -3.23 -4.586
3.187 1.352 8.235 20 16.34 -10.63 -18.18 -24.54 -26.27 -26.17 -17.1 -15.69 -21.05 -12.02 -5.823 3.864 12.96 13.85 14.71 10.1 3.349 -1.17 -5.841 -8.042 -17.32 -16.39 -19.83 -15.09 -12.64 -6.959 -10.49 -15.01 -14.57 -13.54 -12.53 -5.957 1.66 2.64 2.85 1.594 -0.9958 0.956 4.778 6.765 4.16 -0.1422 -0.06647 2.029 4.193 6.082 8.463 7.412 6.433 8.146 13.95 20.64 22.14 19.89 15.46 14 13.89 13.79 11.06 7.036 3.416 2.169 1.961 -1.334 -5.328 -5.754 -2.797 -4.587 -7.016 -9.304
-8.595 0.6702 3.808 6.018 4.332 -9.126 -15.4 -27.45 -22.2 -18.48 -24.71 -15 -11.6 -8.501 -2.834 -3.21 9.175 8.911 7.346 6.5 -1.719 -7.568 -13.22 -15.86 -17.58 -20.71 -19.17 -11.4 -5.582 -4.533 -6.437 -9.889 -11.75 -11.61 -11.17 -7.271 2.24 5.714 6.151 4.105 1.364 2.37 5.145 5.967 5.218 2.401 3.907 6.24 7.299 8.916 9.816 8.752 7.802 6.995 11.02 18.53 19.96 17.54 13.97 12.5 15.18 18.58 17.18 11.88 7.886 8.085 7.946 4.702 0.7213 -4.295 -6.309 -9.441 -11.6 -13.57
-10.8 -9.251 -3.158 -6.322 -14.35 -17.98 -18.88 -20.89 -22.64 -9.75 -20.14 -14.06 -5.069 2.15 6.281 -2.182 4.701 11.16 2.754 -0.8199 -4.929 -11.23 -12.25 -7.767 -6.767 -12.32 -12.37 -8.431 -5.685 -1.672 -2.664 -7.524 -9.134 -8.33 -11.23 -11.53 -1.723 4.918 4.75 4.21 2.434 1.362 3.478 5.559 7.095 6.905 7.905 9.416 10.17 12.97 15.46 15.48 12.01 7.163 7.892 14.79 18.39 17.35 13.65 11.23 13.22 15.8 14.36 12.09 10.73 9.209 7.721 5.643 2.052 -4.688 -12.5 -16.42 -18.74 -20.02
-3.837 -5.068 -9.063 -13.48 -15.63 -21.61 -24.79 -25.58 -22.92 -0.1065 -10.83 -13.64 -5.645 2.604 4.049 4.798 -0.9005 0.2949 2.084 -5.296 -10.28 -0.9732 -1.132 -9.587 -4.746 -8.736 -11.33 -8.768 -3.725 0.04442 0.1776 -3.629 -7.241 -8.536 -9.669 -11.21 -6.625 0.6871 2.801 1.604 -0.8343 1.206 3.531 8.117 10.11 9.44 7.981 6.46 7.271 12.02 18.38 19.6 15.66 10.43 9.566 12.51 15.74 15.04 11.51 7.411 7.186 8.502 8.091 8.108 7.017 5.389 3.005 0.6531 -2.934 -8.591 -16.14 -22.01 -26.31 -26.57
1.001 -3.128 -5.621 -6.597 -7.938 -7.183 -9.403 -15.93 -14.66 -8.92 -11.22 -8.827 -4.431 4.785 2.938 3.953 2.085 0.867 3.25 2.073 -0.2569 3.127 4.079 -1.187 -1.875 -4.375 -9.371 -8.827 -4.073 -0.1537 2.527 -0.5656 -3.957 -3.883 -4.757 -7.842 -4.656 0.07729 1.01 0.5157 -1.062 0.6601 5.146 9.762 11.12 9.667 8.143 6.135 5.527 10.5 17.57 19.52 16.97 14.31 13.53 13.61 13.39 10.52 5.788 1.349 1.453 2.165 4.152 5.522 4.942 2.015 -1.187 -4.143 -8.066 -12 -17.48 -23.39 -27.7 -31.03
4.204 -1.751 -1.128 -4.616 -3.194 -4.808 -4.894 -5.385 -3.291 -9.765 -9.864 -2.591 4.222 7.9 1.435 1.288 4.797 11.73 15.99 16.06 5.366 6.976 10.44 3.754 0.9099 -3.784 -9.028 -8.652 -4.393 -2.446 1.072 2.439 1.024 0.1396 1.352 0.09064 -0.669 0.7413 2.535 0.6706 -1.206 0.1259 4.739 9.477 11.76 11.43 10.2 7.857 6.453 9.079 14.48 17.69 17.67 16.69 15.74 16.02 13.99 8.689 2.3 -1.354 -1.003 -0.4906 2.116 4.041 2.896 -0.7726 -3.026 -6.986 -10.63 -14.56 -19.53 -22.9 -27.01 -34.98
3.286 -1.147 0.3486 -6.284 -3.598 -1.06 -0.6727 -0.3332 0.3762 -2.596 -1.523 -0.3001 1.715 4.033 1.783 9.908 10.12 11.43 22.07 23.3 9.445 9.62 9.436 6.933 4.105 -3.934 -8.864 -7.247 -5.32 -4.007 0.06177 3.314 1.678 1.982 3.325 3.688 3.943 3.393 0.422 0.5388 1.319 2.299 4.407 8.699 11.68 12.47 10.64 8.467 7.137 7.523 11.19 14.81 16.44 16.27 15.37 16.69 14.22 8.817 3.69 2.521 2.259 -0.05269 -0.288 0.277 -2.5 -5.465 -8.673 -11.61 -14.67 -17.87 -20.51 -24.3 -29.05 -41.02
3.413 -6.107 0.3463 1.22 -3.676 -7.747 -7.003 -5.102 -6.362 -2.986 -2.436 3.929 4.83 8.394 13.08 15.44 13.87 16.48 22.59 22.08 13.32 10.19 9.559 9.276 5.267 -4.439 -8.664 -4.147 -1.435 0.2048 0.5173 2.743 0.4434 0.08055 1.852 5.435 5.808 3.905 1.155 1.085 3.098 5.238 7.398 7.621 10.33 11.44 9.575 7.642 6.208 6.933 9.444 13.45 15.16 14.97 12.96 14.04 11.95 8.647 7.154 8.844 6.756 1.367 -2.032 -2.088 -4.129 -7.585 -10.68 -14.02 -17.21 -19.72 -23.32 -30 -38.8 -51.68
0.4576 -5.506 -5.278 -2.668 -4.962 1.004 3.18 -0.02954 -0.06287 6.328 1.905 12.08 12.79 14.52 15.68 15.37 15.08 19.39 22.26 19.78 15.14 10.25 9.427 9.444 3.467 -7.224 -6.094 1.663 4.73 5.365 3.943 2.043 -1.559 0.1982 2.938 4.523 5.126 3.408 0.3172 -0.7412 2.811 4.626 5.503 5.496 8.646 9.079 8.116 6.512 5.697 5.083 8.092 12.6 15.44 13.71 10.19 9.621 7.863 7.222 10.25 12.41 8.167 2.232 -0.05795 0.3942 -1.174 -5.93 -9.601 -13.74 -17.21 -22.59 -29.78 -39.88 -52.43 -64.72
2.778 1.695 0.9859 -1.253 0.7523 8.527 9.53 8.445 12.88 13.94 3.248 6.587 11.5 16.46 18.07 18.12 21.14 22.86 21.84 19.46 14.22 9.875 8.961 6.181 -1.042 -4.427 -0.5676 5.695 9.63 7.723 3.988 -0.1123 -1.63 0.1894 3.323 3.674 2.131 -1.595 -2.423 -1.462 -0.4282 0.7198 1.986 2.725 5.642 7.963 7.531 5.612 3.452 1.962 6.522 12.77 17.14 14.08 9.85 6.574 5.249 7.193 11.67 11.7 6.09 1.566 2.059 3.349 0.175 -4.569 -8.85 -14.12 -20.29 -26.76 -36.77 -50.67 -63.31 -74.14
4.674 3.39 0.8714 -3.082 5.572 13.07 12.1 13.46 19.75 15.12 11.84 11.62 12.51 14.87 20.85 20.86 21.45 25.19 23.92 19.47 15.98 12.33 8.325 3.309 1.536 -0.2053 3.198 8.749 9.873 5.227 -0.7656 -5.672 -5.856 -3.573 -0.8955 -1.424 -2.889 -2.772 -2.966 -2.463 -2.456 -2.337 -2.921 0.3788 3.606 6.587 5.016 2.525 -1.708 -2.182 5.266 14.53 19.4 17.27 12.34 7.578 8.01 12.26 15.1 11.17 4.418 2.242 2.914 3.152 -0.3995 -5.618 -11.18 -18.14 -24.81 -31.91 -42.89 -56.35 -68.78 -77.57
3.445 -7.174 -6.971 -4.181 7.156 14.08 15.23 9.562 19.57 14.8 17.75 17.16 16.12 18.24 20.32 21.1 23.48 25.41 25.5 22.88 19.34 13.14 7.107 1.37 -1.196 0.9117 3.479 4.912 4.722 -0.0789 -6.563 -11.5 -11.9 -9.836 -9.045 -7.311 -6.685 -4.295 -2.917 -2.811 -5.693 -5.406 -4.083 -1.976 -0.0275 3.334 1.19 -2.753 -5.773 -2.744 7.225 16.63 21.06 20.39 16.39 12.42 13.05 17.68 16.97 12.29 7.142 4.675 3.043 0.8294 -4.364 -9.697 -16.04 -23.19 -31.02 -38.33 -47.46 -58.68 -69.27 -78.17
-8.846 -12.35 -8.552 0.4649 10.31 15.21 15.65 9.529 16.44 15.96 20.63 22.16 20.62 19.63 19.83 20.02 21.16 22.66 22.81 22.79 18.79 9.143 2.286 -0.0327 -1.409 -0.2805 -0.1434 -1.488 -3.594 -7.193 -10.62 -16.02 -16.37 -14.59 -13.69 -15.43 -13.69 -9.746 -7.639 -8.915 -9.236 -7.959 -7.215 -5.812 -2.921 -2.095 -5.118 -7.079 -5.077 0.9726 11.14 18.12 21 19.9 18.32 14.19 13.03 14.99 14.39 11.64 8.108 5.192 1.425 -3.212 -9.78 -16.54 -23.63 -29.31 -36.34 -45.54 -54.46 -63.84 -73.38 -81.02
-3.752 -0.842 -0.0996 6.492 14.59 16.01 11.04 10.86 16.53 19.69 20.6 20.72 18.31 16.12 16.65 17.11 18.25 18.98 19.29 21.7 15.58 2.523 -2.423 -1.093 -2.285 -1.968 -3.344 -6.349 -7.304 -8.095 -12.79 -19.39 -20.46 -19.92 -21.88 -23.58 -20 -17.02 -13.35 -13.57 -14.09 -14.43 -11.84 -10.02 -7.88 -7.038 -8.657 -9.017 -3.883 4.156 13.22 18.1 19.25 18.59 15.96 9.423 4.609 4.719 7.423 6.636 4.16 0.9845 -3.617 -9.605 -17.65 -25.91 -31.55 -37.46 -45.84 -56.5 -66.05 -74.89 -83.35 -87.08
4.541 -0.4972 -5.262 7.887 12.13 15.1 6.476 9.079 15.14 17.35 15.09 12.34 12.05 12.26 13.12 13.6 14.29 15.85 20.82 19.06 11.05 0.9297 -2.249 -0.4432 0.4114 0.277 -1.443 -0.8662 -2.765 -8.399 -15.23 -22.31 -28.42 -28.72 -29.4 -27.51 -21.79 -15.35 -12.33 -14.91 -17.18 -18.67 -17.86 -14.77 -10.27 -9.965 -11.86 -9.669 -3.497 5.685 13 16.18 15.07 15.09 11.21 1.835 -6.513 -4.788 -0.45 0.1433 -3.47 -7.775 -13.4 -19.78 -27.02 -35.14 -41.45 -47.17 -56.11 -67.47 -77.06 -86.03 -91.48 -91.53
7.523 -1.555 -6.441 4.995 6.662 6.407 3.647 5.388 8.749 8.907 7.048 6.302 8.212 11.46 14.75 16.19 16.81 19.8 21.97 17.07 8.82 2.387 2.587 5.01 6.478 7.094 7.956 2.154 -6.354 -12.4 -18.06 -25.43 -32.12 -32.68 -29.71 -24.12 -17.18 -11.85 -9.521 -11.27 -14.85 -16.79 -15.87 -13.23 -11.51 -9.979 -10.03 -6.954 -2.023 5.623 10.27 11.39 10.11 10.64 7.767 -1.946 -12.19 -14.02 -8.299 -6.725 -11.28 -18.37 -26.22 -32.23 -37.26 -44.35 -51.63 -56.81 -65.35 -75.48 -84.05 -91.25 -94.62 -93.91
3.277 3.073 -0.6125 -2.178 0.6353 2.842 3.495 1.311 1.709 3.149 0.8158 -0.6314 1.388 8.404 14.24 18.06 17.89 18.44 19.1 13.87 8.054 5.344 7.449 11.02 12.38 11.14 5.617 -4.05 -11.56 -13.44 -15.06 -20.85 -29.22 -28.73 -25.43 -19.48 -13.15 -9.272 -9.016 -10.6 -11.72 -11.03 -9.645 -8.734 -7.887 -6.664 -4.864 -1.131 1.712 4.137 5.631 5.959 5.565 6.005 7.281 1.923 -9.713 -18.11 -15.89 -15.52 -19.81 -28.11 -34.73 -39.57 -44.4 -52.56 -61.87 -67 -72.95 -80.63 -89.36 -95.38 -95.64 -94.1
-2.914 -5.998 2.717 7.951 4.727 5.34 6.385 -0.1353 -2.005 -1.934 -5.91 -8.623 -6.824 1.575 8.31 12.76 12.75 10.41 7.977 4.641 4.389 3.846 6.605 10.22 9.717 4.325 -2.975 -9.109 -8.893 -6.309 -8.604 -17.42 -23.39 -22.59 -21.49 -16.68 -10.37 -8.538 -9.501 -10.67 -12.06 -11.13 -7.172 -5.724 -5.405 -4.708 -0.576 3.167 4.4 2.965 0.6161 -1.35 -2.517 -0.7617 4.525 4.799 -5.054 -17.06 -21.41 -22.85 -26.99 -33.65 -38.05 -42.89 -50.33 -61.36 -71.48 -75.92 -80.3 -86.57 -93.7 -97.05 -95.05 -93.11
6.977 -5.306 -7.749 5.754 11.53 8.054 4.205 -4.737 -8.25 -9.995 -13.63 -15.4 -10.43 -5.167 -1.167 1.957 1.652 -2.326 -3.91 -4.096 -3.919 -3.438 -0.7162 1.283 1.538 -1.635 -3.688 -3.805 -0.9881 -2.08 -6.595 -14.66 -17.87 -16.57 -16.51 -15.31 -13.32 -9.47 -8.098 -12.95 -16.45 -14.01 -9.096 -6.088 -3.432 -3.061 -2.437 1.42 4.392 2.325 -1.938 -7.64 -11.79 -9.382 -2.664 1.105 -4.53 -16.5 -26.15 -29.6 -31.57 -35.49 -39.96 -44.27 -55.95 -69.72 -79.64 -83.35 -86.14 -90.56 -96.69 -95.83 -91.48 -87.35
5.801 3.501 -2.018 1.696 10.67 10.88 5.883 -3.161 -10.85 -12.84 -12.66 -11.65 -9.263 -9.489 -9.217 -8.562 -8.709 -8.465 -8.756 -5.944 -3.61 -3.244 -2.382 0.9251 1.122 3.808 5.261 3.518 -1.21 -2.62 -6.083 -14.86 -15.72 -11.78 -14.12 -15.17 -13.51 -9.572 -9.3 -14.48 -18.58 -17.18 -12.96 -7.934 -4.29 -2.623 -2.698 -2.534 -2.442 -3.064 -7.551 -14.03 -19.52 -18.05 -11.54 -6.945 -10.32 -22.15 -31.96 -35.08 -35.77 -39.33 -42.58 -47.75 -60.31 -75.99 -86.06 -89.13 -92.2 -95.76 -96.63 -92.42 -84.9 -74.1
7.193 8.023 7.072 10.77 15.08 16.49 11.31 -1.445 -7.318 -7.359 -8.013 -11.49 -12.22 -12.57 -13.28 -12.35 -9.081 -6.678 -4.686 3.126 5.046 5.535 6.938 5.13 5.584 9.718 8.757 2.169 -3.356 -4.114 -7.444 -14.04 -14.62 -11.24 -14.6 -16.28 -13.24 -9.586 -9.53 -13.89 -17.36 -15.6 -14.58 -12.73 -8.185 -4.465 -4.292 -7.125 -9.269 -11.07 -15.3 -20.38 -25.83 -26.3 -21.54 -17.29 -21.07 -30.41 -36.37 -39.04 -40.53 -44.65 -47.15 -53.41 -65.5 -81.66 -91.63 -96.88 -97.52 -97.24 -94.47 -86.05 -68.91 -50.65
9.804 10.79 10.45 12.19 12.9 13 8.519 -1.805 -7.294 -7.445 -11.81 -17.29 -16.55 -13.43 -10.37 -7.79 -3.096 0.1651 1.903 6.497 9.703 8.693 9.065 7.122 7.006 7.614 4.501 -2.736 -7.406 -7.581 -8.936 -16.77 -15.38 -8.71 -12.09 -17.36 -15.94 -12.97 -12.19 -12.7 -12.22 -11.19 -12.89 -14.58 -13.05 -10.6 -7.023 -9.054 -13.72 -15.66 -18.45 -23.3 -29.66 -32.25 -30.3 -29.34 -33.33 -37.72 -40.02 -42.55 -46.73 -51.03 -54.93 -61.48 -73.7 -88.37 -97.91 -101.8 -99.58 -95.67 -87.38 -71.54 -48.56 -26.57
3.682 5.737 8.497 9.924 3.581 -1.605 -3.617 -7.259 -14.34 -18.38 -20.62 -19.17 -13.25 -7.927 -5 -3.886 0.375 2.821 2.388 6.065 9.836 9.285 11.29 7.807 3.894 3.539 0.3317 -7.224 -8.962 -10.12 -17.45 -23.77 -16.32 -6.736 -5.06 -10.64 -16.82 -16.6 -13.24 -11.05 -8.546 -6.592 -7.316 -13.3 -16.02 -14.48 -11.55 -13.68 -16.32 -17.37 -21.13 -25.96 -33.22 -38.23 -39.23 -40.29 -44.16 -45.9 -46.91 -50.56 -56.17 -61.23 -66.01 -73.65 -85.13 -95.22 -100.6 -99.68 -95.99 -87.86 -74.81 -53.84 -30.81 -9.201
3.5 5.819 9.894 7.504 -2.163 -13.12 -15.66 -16.47 -23.8 -27.02 -23.34 -16.59 -10.29 -5.091 -2.018 -3.041 -1.403 2.527 2.623 4.61 7.779 10.08 9.11 5.266 2.013 0.261 -2.921 -7.309 -9.818 -13.87 -25.03 -31.25 -22.14 -5.97 0.4358 -4.656 -14.63 -16.7 -14.84 -11.26 -8.072 -3.918 -2.829 -9.558 -17.55 -20.74 -17.24 -17.65 -20.88 -22.8 -25.97 -32.51 -41.05 -46.44 -47.78 -49.87 -55.14 -56.43 -57.01 -60.26 -66.65 -72.84 -78.41 -85.58 -92.47 -97.57 -97.37 -94.05 -87.96 -74.12 -57.09 -38.02 -15.28 9.769
5.379 5.355 6.206 0.9174 -6.558 -16.8 -23.47 -24.53 -27.61 -23.56 -18.84 -13.85 -9.391 -5.165 -1.378 -2.4 -2.929 1.092 2.961 3.184 3.948 3.948 3.048 0.8786 -3.412 -4.361 -6.848 -7.666 -8.127 -13.98 -28.73 -35.51 -25.73 -9.596 -0.907 -4.516 -14.97 -18.47 -16.59 -12.35 -9.275 -4.405 -2.531 -11.56 -21.29 -25.57 -24.5 -25.23 -27.87 -29.87 -35.39 -43.34 -51.03 -56.19 -57.63 -60.85 -66.49 -69.94 -70.91 -74.06 -80.34 -84.58 -88.95 -92.3 -91.83 -91.8 -92.14 -88.89 -74.39 -52.15 -34.55 -23.48 0.1256 30.05
6.925 4.544 -2.893 -5.739 -12.03 -22.66 -26.91 -23.99 -22.19 -20.23 -15.03 -12.74 -8.888 -5.391 -2.339 -3.46 -4.186 -2.823 -0.9674 -0.0324 -0.2577 -0.8277 -2.888 -4.067 -6.262 -8.657 -9.672 -6.774 -6.619 -14.92 -27.57 -37.14 -35.21 -22.23 -8.752 -11.07 -20.13 -24.48 -21.89 -17.46 -14.48 -12.01 -12.72 -19.79 -27.4 -32.89 -32.61 -30.46 -35.16 -40.4 -45.84 -54.22 -62.15 -67.06 -69.36 -74.19 -80.1 -84.62 -87.45 -91.76 -95.59 -97.54 -98.67 -94.41 -87.56 -85.19 -81.31 -71.21 -52.38 -27.87 -10.45 2.544 18.14 37.63
