isostatic_correction.grd
DSAA
         641         601
    -3200.000000     3200.000000
    -3000.000000     3000.000000
     -412.474976      131.975433
[rows 297 to 329 of 601, columns 296 to 369 of 641]
-28.52 -29.06 -29.56 -30.02 -30.44 -30.82 -31.17 -31.47 -31.73 -31.95 -32.14 -32.29 -32.40 -32.49 -32.56 -32.61 -32.64 -32.65 -32.64 -32.63 -32.61 -32.58 -32.54 -32.50 -32.46 -32.41 -32.36 -32.30 -32.24 -32.18 -32.11 -32.05 -31.98 -31.91 -31.84 -31.77 -31.70 -31.64 -31.58 -31.50 -31.45 -31.42 -31.39 -31.37 -31.36 -31.36 -31.37 -31.39 -31.50 -31.51 -31.53 -31.54 -31.54 -31.53 -31.51 -31.46 -31.39 -31.28 -31.14 -30.97 -30.75 -30.50 -30.22 -29.91 -29.56 -29.18 -28.79 -28.37 -27.94 -27.51 -27.07 -26.63 -26.20 -25.78
-28.93 -29.48 -30.00 -30.49 -30.94 -31.35 -31.72 -32.06 -32.35 -32.61 -32.83 -32.99 -33.15 -33.28 -33.38 -33.46 -33.52 -33.56 -33.58 -33.59 -33.59 -33.57 -33.55 -33.51 -33.47 -33.42 -33.37 -33.30 -33.23 -33.15 -33.07 -32.98 -32.89 -32.79 -32.69 -32.60 -32.50 -32.39 -32.30 -32.22 -32.15 -32.09 -32.05 -32.02 -32.01 -32.00 -32.14 -32.15 -32.18 -32.21 -32.24 -32.27 -32.30 -32.32 -32.33 -32.31 -32.26 -32.19 -32.07 -31.93 -31.74 -31.51 -31.24 -30.94 -30.60 -30.24 -29.84 -29.43 -29.00 -28.56 -28.11 -27.67 -27.23 -26.80
-29.34 -29.91 -30.45 -30.96 -31.44 -31.88 -32.28 -32.64 -32.97 -33.22 -33.48 -33.70 -33.90 -34.06 -34.19 -34.30 -34.39 -34.46 -34.51 -34.54 -34.55 -34.56 -34.54 -34.52 -34.48 -34.43 -34.37 -34.30 -34.22 -34.13 -34.02 -33.91 -33.80 -33.68 -33.56 -33.44 -33.32 -33.18 -33.06 -32.96 -32.87 -32.79 -32.73 -32.69 -32.82 -32.81 -32.81 -32.83 -32.87 -32.91 -32.96 -33.02 -33.07 -33.12 -33.15 -33.16 -33.14 -33.09 -33.01 -32.89 -32.72 -32.52 -32.27 -31.98 -31.66 -31.30 -30.91 -30.50 -30.07 -29.63 -29.18 -28.73 -28.29 -27.86
-29.75 -30.35 -30.91 -31.44 -31.94 -32.40 -32.83 -33.19 -33.55 -33.87 -34.15 -34.41 -34.64 -34.83 -34.99 -35.13 -35.25 -35.34 -35.41 -35.47 -35.50 -35.52 -35.52 -35.50 -35.47 -35.42 -35.36 -35.28 -35.19 -35.09 -34.97 -34.85 -34.71 -34.57 -34.43 -34.28 -34.12 -33.97 -33.84 -33.71 -33.60 -33.51 -33.60 -33.54 -33.51 -33.50 -33.50 -33.53 -33.57 -33.63 -33.69 -33.77 -33.84 -33.91 -33.97 -34.01 -34.02 -34.00 -33.95 -33.85 -33.71 -33.53 -33.30 -33.03 -32.72 -32.38 -32.00 -31.60 -31.17 -30.73 -30.29 -29.83 -29.39 -28.95
-30.18 -30.79 -31.37 -31.92 -32.44 -32.90 -33.35 -33.77 -34.15 -34.51 -34.82 -35.11 -35.36 -35.59 -35.78 -35.95 -36.09 -36.21 -36.31 -36.38 -36.43 -36.46 -36.48 -36.47 -36.45 -36.40 -36.34 -36.26 -36.16 -36.05 -35.91 -35.78 -35.62 -35.47 -35.30 -35.13 -34.95 -34.78 -34.62 -34.48 -34.51 -34.41 -34.32 -34.26 -34.22 -34.20 -34.21 -34.23 -34.28 -34.35 -34.43 -34.53 -34.62 -34.71 -34.80 -34.86 -34.90 -34.92 -34.89 -34.82 -34.70 -34.55 -34.34 -34.09 -33.80 -33.47 -33.11 -32.71 -32.29 -31.86 -31.42 -30.97 -30.53 -30.09
-30.61 -31.23 -31.83 -32.39 -32.93 -33.43 -33.91 -34.35 -34.76 -35.14 -35.48 -35.80 -36.08 -36.33 -36.55 -36.75 -36.92 -37.06 -37.18 -37.27 -37.34 -37.39 -37.41 -37.42 -37.40 -37.36 -37.29 -37.21 -37.11 -36.99 -36.85 -36.69 -36.53 -36.35 -36.17 -35.98 -35.79 -35.60 -35.56 -35.41 -35.28 -35.16 -35.06 -34.99 -34.94 -34.92 -34.92 -34.96 -35.01 -35.09 -35.19 -35.29 -35.41 -35.52 -35.63 -35.72 -35.79 -35.83 -35.83 -35.79 -35.70 -35.57 -35.39 -35.16 -34.89 -34.58 -34.23 -33.85 -33.44 -33.02 -32.58 -32.14 -31.70 -31.27
-31.04 -31.69 -32.30 -32.88 -33.43 -33.96 -34.46 -34.92 -35.36 -35.76 -36.13 -36.47 -36.78 -37.06 -37.31 -37.53 -37.72 -37.89 -38.03 -38.14 -38.23 -38.29 -38.33 -38.34 -38.33 -38.29 -38.23 -38.15 -38.04 -37.91 -37.77 -37.60 -37.43 -37.24 -37.05 -36.84 -36.74 -36.55 -36.37 -36.20 -36.05 -35.92 -35.82 -35.73 -35.68 -35.66 -35.66 -35.70 -35.76 -35.84 -35.95 -36.08 -36.21 -36.34 -36.47 -36.59 -36.68 -36.75 -36.78 -36.76 -36.71 -36.60 -36.45 -36.24 -35.99 -35.70 -35.37 -35.01 -34.62 -34.21 -33.78 -33.35 -32.92 -32.50
-31.51 -32.15 -32.77 -33.37 -33.94 -34.49 -35.00 -35.49 -35.95 -36.38 -36.77 -37.14 -37.47 -37.78 -38.05 -38.30 -38.51 -38.70 -38.86 -38.99 -39.09 -39.17 -39.22 -39.24 -39.24 -39.21 -39.15 -39.06 -38.96 -38.83 -38.67 -38.50 -38.32 -38.12 -37.91 -37.78 -37.57 -37.37 -37.18 -37.00 -36.84 -36.70 -36.58 -36.50 -36.44 -36.41 -36.42 -36.45 -36.52 -36.62 -36.74 -36.87 -37.02 -37.18 -37.33 -37.47 -37.59 -37.68 -37.73 -37.75 -37.71 -37.64 -37.51 -37.33 -37.11 -36.84 -36.53 -36.19 -35.82 -35.42 -35.01 -34.60 -34.18 -33.77
-31.96 -32.61 -33.24 -33.86 -34.45 -35.01 -35.55 -36.05 -36.53 -36.98 -37.40 -37.79 -38.15 -38.48 -38.77 -39.04 -39.28 -39.49 -39.67 -39.81 -39.93 -40.03 -40.09 -40.12 -40.12 -40.10 -40.04 -39.96 -39.85 -39.72 -39.56 -39.39 -39.20 -39.04 -38.83 -38.62 -38.41 -38.20 -38.00 -37.81 -37.64 -37.49 -37.37 -37.28 -37.21 -37.19 -37.19 -37.23 -37.30 -37.41 -37.53 -37.68 -37.85 -38.02 -38.19 -38.35 -38.49 -38.61 -38.69 -38.73 -38.73 -38.68 -38.58 -38.43 -38.23 -37.99 -37.71 -37.39 -37.04 -36.66 -36.27 -35.88 -35.48 -35.08
-32.41 -33.07 -33.72 -34.34 -34.94 -35.53 -36.08 -36.61 -37.11 -37.58 -38.02 -38.43 -38.81 -39.16 -39.48 -39.77 -40.02 -40.25 -40.45 -40.61 -40.75 -40.85 -40.93 -40.97 -40.98 -40.96 -40.91 -40.83 -40.72 -40.59 -40.43 -40.26 -40.07 -39.89 -39.68 -39.46 -39.24 -39.02 -38.82 -38.62 -38.45 -38.29 -38.17 -38.07 -38.01 -37.98 -37.98 -38.03 -38.10 -38.21 -38.35 -38.51 -38.69 -38.88 -39.06 -39.25 -39.41 -39.55 -39.66 -39.73 -39.75 -39.73 -39.66 -39.54 -39.37 -39.16 -38.90 -38.61 -38.29 -37.94 -37.57 -37.19 -36.81 -36.43
-32.86 -33.53 -34.19 -34.83 -35.44 -36.04 -36.61 -37.16 -37.67 -38.16 -38.62 -39.05 -39.45 -39.82 -40.16 -40.47 -40.75 -40.99 -41.20 -41.39 -41.53 -41.65 -41.73 -41.79 -41.81 -41.80 -41.75 -41.68 -41.57 -41.44 -41.25 -41.09 -40.93 -40.73 -40.51 -40.29 -40.07 -39.85 -39.64 -39.44 -39.26 -39.10 -38.97 -38.88 -38.81 -38.78 -38.80 -38.84 -38.92 -39.04 -39.19 -39.36 -39.55 -39.75 -39.95 -40.15 -40.34 -40.50 -40.63 -40.73 -40.78 -40.79 -40.75 -40.66 -40.52 -40.34 -40.11 -39.85 -39.55 -39.23 -38.89 -38.54 -38.18 -37.83
-33.36 -34.05 -34.66 -35.31 -35.94 -36.54 -37.13 -37.69 -38.23 -38.74 -39.21 -39.66 -40.08 -40.47 -40.83 -41.15 -41.45 -41.71 -41.94 -42.13 -42.30 -42.42 -42.52 -42.58 -42.61 -42.61 -42.57 -42.50 -42.40 -42.21 -42.07 -41.94 -41.75 -41.55 -41.33 -41.11 -40.89 -40.67 -40.46 -40.26 -40.08 -39.92 -39.80 -39.70 -39.64 -39.61 -39.62 -39.67 -39.76 -39.88 -40.04 -40.22 -40.42 -40.64 -40.86 -41.08 -41.28 -41.47 -41.62 -41.74 -41.82 -41.86 -41.85 -41.79 -41.68 -41.53 -41.34 -41.10 -40.84 -40.55 -40.24 -39.91 -39.59 -39.26
-33.80 -34.50 -35.19 -35.85 -36.42 -37.04 -37.64 -38.22 -38.77 -39.29 -39.79 -40.26 -40.69 -41.10 -41.47 -41.81 -42.12 -42.40 -42.65 -42.85 -43.03 -43.17 -43.28 -43.35 -43.38 -43.39 -43.36 -43.19 -43.11 -43.06 -42.91 -42.74 -42.56 -42.36 -42.14 -41.92 -41.70 -41.49 -41.28 -41.08 -40.90 -40.75 -40.62 -40.53 -40.47 -40.45 -40.47 -40.53 -40.62 -40.75 -40.91 -41.10 -41.31 -41.54 -41.77 -42.01 -42.23 -42.44 -42.62 -42.76 -42.87 -42.94 -42.95 -42.93 -42.85 -42.74 -42.58 -42.38 -42.15 -41.89 -41.61 -41.32 -41.02 -40.72
-34.24 -34.94 -35.64 -36.31 -36.97 -37.53 -38.14 -38.73 -39.30 -39.84 -40.35 -40.83 -41.28 -41.71 -42.10 -42.45 -42.78 -43.07 -43.33 -43.55 -43.74 -43.89 -44.01 -44.09 -44.13 -44.14 -44.00 -44.03 -43.94 -43.83 -43.69 -43.53 -43.34 -43.15 -42.94 -42.73 -42.51 -42.30 -42.09 -41.90 -41.73 -41.58 -41.46 -41.37 -41.32 -41.31 -41.33 -41.39 -41.49 -41.63 -41.80 -42.00 -42.22 -42.46 -42.71 -42.96 -43.20 -43.42 -43.63 -43.80 -43.93 -44.03 -44.07 -44.08 -44.04 -43.96 -43.83 -43.67 -43.47 -43.25 -43.01 -42.75 -42.48 -42.22
-34.67 -35.38 -36.08 -36.76 -37.43 -38.08 -38.63 -39.23 -39.81 -40.37 -40.89 -41.39 -41.85 -42.29 -42.70 -43.18 -43.52 -43.83 -44.10 -44.33 -44.53 -44.69 -44.81 -44.90 -44.95 -44.82 -44.81 -44.76 -44.68 -44.57 -44.44 -44.29 -44.11 -43.92 -43.72 -43.52 -43.30 -43.10 -42.90 -42.72 -42.56 -42.42 -42.30 -42.23 -42.18 -42.17 -42.20 -42.27 -42.38 -42.53 -42.71 -42.92 -43.15 -43.40 -43.66 -43.93 -44.18 -44.43 -44.65 -44.85 -45.01 -45.13 -45.21 -45.24 -45.24 -45.19 -45.10 -44.97 -44.82 -44.63 -44.42 -44.20 -43.97 -43.74
-35.08 -35.80 -36.51 -37.20 -37.88 -38.54 -39.18 -39.71 -40.31 -40.87 -41.41 -41.92 -42.52 -42.97 -43.39 -43.78 -44.13 -44.45 -44.73 -44.98 -45.18 -45.36 -45.49 -45.42 -45.48 -45.51 -45.50 -45.46 -45.39 -45.29 -45.17 -45.02 -44.86 -44.68 -44.49 -44.29 -44.09 -43.89 -43.71 -43.53 -43.38 -43.25 -43.15 -43.08 -43.05 -43.05 -43.09 -43.17 -43.29 -43.44 -43.63 -43.85 -44.10 -44.36 -44.63 -44.91 -45.18 -45.45 -45.69 -45.91 -46.09 -46.24 -46.35 -46.42 -46.45 -46.44 -46.39 -46.30 -46.18 -46.03 -45.86 -45.68 -45.49 -45.29
-35.48 -36.21 -36.92 -37.62 -38.31 -38.98 -39.63 -40.27 -40.88 -41.46 -42.02 -42.54 -43.04 -43.51 -43.94 -44.34 -44.71 -45.04 -45.33 -45.59 -45.81 -45.99 -45.96 -46.06 -46.13 -46.17 -46.17 -46.14 -46.08 -45.99 -45.88 -45.74 -45.58 -45.41 -45.24 -45.05 -44.86 -44.68 -44.51 -44.35 -44.20 -44.09 -44.00 -43.94 -43.92 -43.94 -43.99 -44.08 -44.21 -44.38 -44.57 -44.80 -45.06 -45.33 -45.62 -45.91 -46.20 -46.48 -46.74 -46.98 -47.19 -47.37 -47.52 -47.62 -47.68 -47.70 -47.69 -47.64 -47.56 -47.45 -47.32 -47.18 -47.02 -46.86
-35.86 -36.59 -37.31 -38.02 -38.72 -39.40 -40.06 -40.70 -41.33 -41.92 -42.49 -43.03 -43.54 -44.02 -44.47 -44.88 -45.26 -45.60 -45.91 -46.18 -46.40 -46.41 -46.56 -46.68 -46.76 -46.80 -46.81 -46.79 -46.74 -46.66 -46.56 -46.43 -46.29 -46.13 -45.97 -45.79 -45.62 -45.45 -45.29 -45.15 -45.02 -44.92 -44.85 -44.81 -44.80 -44.83 -44.90 -45.00 -45.14 -45.32 -45.53 -45.77 -46.03 -46.32 -46.62 -46.93 -47.23 -47.53 -47.82 -48.08 -48.32 -48.52 -48.69 -48.83 -48.92 -48.98 -49.01 -49.00 -48.96 -48.89 -48.80 -48.70 -48.58 -48.46
-36.22 -36.95 -37.68 -38.39 -39.10 -39.79 -40.46 -41.12 -41.75 -42.36 -42.94 -43.49 -44.02 -44.51 -44.97 -45.39 -45.78 -46.14 -46.46 -46.73 -46.77 -46.97 -47.13 -47.26 -47.35 -47.41 -47.42 -47.41 -47.37 -47.31 -47.22 -47.10 -46.97 -46.83 -46.68 -46.52 -46.36 -46.21 -46.07 -45.94 -45.84 -45.75 -45.70 -45.67 -45.68 -45.73 -45.81 -45.93 -46.08 -46.27 -46.50 -46.75 -47.03 -47.33 -47.64 -47.96 -48.29 -48.60 -48.91 -49.19 -49.45 -49.69 -49.89 -50.05 -50.19 -50.28 -50.35 -50.38 -50.38 -50.35 -50.31 -50.24 -50.16 -50.08
-36.55 -37.29 -38.02 -38.74 -39.45 -40.15 -40.84 -41.50 -42.15 -42.77 -43.36 -43.92 -44.46 -44.96 -45.44 -45.87 -46.28 -46.64 -46.75 -47.04 -47.29 -47.50 -47.68 -47.81 -47.91 -47.98 -48.01 -48.01 -47.98 -47.92 -47.85 -47.75 -47.63 -47.50 -47.37 -47.23 -47.09 -46.96 -46.83 -46.73 -46.64 -46.58 -46.54 -46.54 -46.56 -46.63 -46.73 -46.86 -47.03 -47.23 -47.48 -47.74 -48.04 -48.35 -48.68 -49.02 -49.35 -49.69 -50.01 -50.32 -50.61 -50.87 -51.10 -51.30 -51.47 -51.60 -51.70 -51.78 -51.82 -51.84 -51.83 -51.81 -51.77 -51.72
-36.85 -37.59 -38.33 -39.06 -39.78 -40.49 -41.18 -41.85 -42.51 -43.14 -43.75 -44.32 -44.87 -45.38 -45.87 -46.32 -46.73 -46.89 -47.22 -47.52 -47.78 -48.00 -48.19 -48.34 -48.45 -48.52 -48.56 -48.58 -48.56 -48.52 -48.45 -48.37 -48.27 -48.16 -48.04 -47.92 -47.80 -47.69 -47.58 -47.50 -47.43 -47.39 -47.38 -47.39 -47.44 -47.52 -47.64 -47.80 -47.99 -48.21 -48.46 -48.75 -49.06 -49.38 -49.73 -50.08 -50.44 -50.80 -51.14 -51.47 -51.79 -52.08 -52.34 -52.57 -52.77 -52.95 -53.09 -53.20 -53.28 -53.34 -53.37 -53.39 -53.39 -53.38
-37.11 -37.86 -38.60 -39.34 -40.07 -40.78 -41.49 -42.17 -42.83 -43.48 -44.10 -44.68 -45.24 -45.77 -46.27 -46.73 -46.92 -47.31 -47.65 -47.96 -48.24 -48.47 -48.67 -48.82 -48.95 -49.03 -49.09 -49.11 -49.11 -49.08 -49.03 -48.96 -48.88 -48.79 -48.69 -48.59 -48.49 -48.40 -48.32 -48.25 -48.21 -48.19 -48.20 -48.24 -48.31 -48.42 -48.56 -48.73 -48.94 -49.18 -49.46 -49.76 -50.08 -50.43 -50.79 -51.17 -51.54 -51.92 -52.29 -52.65 -52.99 -53.30 -53.60 -53.86 -54.10 -54.31 -54.49 -54.64 -54.77 -54.87 -54.94 -55.00 -55.03 -55.06
-37.33 -38.09 -38.84 -39.58 -40.32 -41.04 -41.75 -42.45 -43.12 -43.78 -44.40 -45.01 -45.58 -46.12 -46.63 -46.86 -47.29 -47.69 -48.05 -48.37 -48.66 -48.90 -49.11 -49.28 -49.41 -49.51 -49.58 -49.61 -49.62 -49.61 -49.58 -49.53 -49.46 -49.39 -49.31 -49.23 -49.15 -49.09 -49.03 -48.99 -48.97 -48.98 -49.01 -49.08 -49.18 -49.30 -49.47 -49.66 -49.90 -50.16 -50.45 -50.78 -51.12 -51.49 -51.87 -52.27 -52.67 -53.06 -53.46 -53.84 -54.21 -54.55 -54.88 -55.18 -55.46 -55.70 -55.92 -56.11 -56.28 -56.42 -56.53 -56.63 -56.70 -56.76
-37.52 -38.28 -39.03 -39.78 -40.53 -41.26 -41.98 -42.69 -43.37 -44.04 -44.68 -45.29 -45.87 -46.43 -46.70 -47.18 -47.62 -48.03 -48.40 -48.74 -49.03 -49.29 -49.51 -49.69 -49.84 -49.95 -50.03 -50.08 -50.11 -50.11 -50.09 -50.06 -50.01 -49.96 -49.90 -49.85 -49.80 -49.75 -49.72 -49.71 -49.72 -49.75 -49.81 -49.90 -50.03 -50.18 -50.37 -50.59 -50.85 -51.14 -51.45 -51.80 -52.17 -52.56 -52.96 -53.38 -53.80 -54.23 -54.64 -55.05 -55.45 -55.83 -56.19 -56.52 -56.83 -57.12 -57.38 -57.61 -57.82 -58.00 -58.15 -58.28 -58.39 -58.48
-37.66 -38.42 -39.18 -39.94 -40.69 -41.43 -42.16 -42.88 -43.57 -44.25 -44.90 -45.53 -46.13 -46.43 -46.96 -47.45 -47.91 -48.33 -48.72 -49.06 -49.37 -49.64 -49.88 -50.07 -50.23 -50.36 -50.45 -50.52 -50.56 -50.58 -50.58 -50.56 -50.54 -50.51 -50.47 -50.44 -50.41 -50.39 -50.39 -50.40 -50.44 -50.50 -50.59 -50.71 -50.86 -51.05 -51.26 -51.51 -51.80 -52.11 -52.45 -52.82 -53.22 -53.63 -54.06 -54.50 -54.95 -55.40 -55.85 -56.29 -56.72 -57.13 -57.52 -57.89 -58.25 -58.57 -58.87 -59.14 -59.39 -59.61 -59.80 -59.97 -60.11 -60.23
-37.75 -38.51 -39.28 -40.05 -40.81 -41.56 -42.30 -43.02 -43.73 -44.42 -45.08 -45.72 -46.06 -46.63 -47.17 -47.68 -48.15 -48.59 -48.98 -49.34 -49.67 -49.95 -50.20 -50.41 -50.58 -50.72 -50.83 -50.91 -50.97 -51.01 -51.03 -51.03 -51.03 -51.02 -51.01 -51.00 -50.99 -51.01 -51.03 -51.07 -51.14 -51.23 -51.35 -51.50 -51.68 -51.90 -52.15 -52.43 -52.74 -53.08 -53.45 -53.85 -54.27 -54.71 -55.17 -55.64 -56.12 -56.60 -57.08 -57.55 -58.01 -58.46 -58.89 -59.30 -59.69 -60.05 -60.39 -60.70 -60.99 -61.24 -61.47 -61.68 -61.86 -62.01
-37.79 -38.56 -39.34 -40.11 -40.87 -41.63 -42.38 -43.12 -43.84 -44.54 -45.21 -45.59 -46.20 -46.79 -47.34 -47.86 -48.35 -48.79 -49.21 -49.58 -49.92 -50.21 -50.48 -50.70 -50.89 -51.05 -51.17 -51.27 -51.35 -51.40 -51.44 -51.46 -51.48 -51.50 -51.51 -51.53 -51.55 -51.59 -51.64 -51.72 -51.81 -51.94 -52.09 -52.27 -52.49 -52.73 -53.01 -53.32 -53.67 -54.04 -54.44 -54.87 -55.33 -55.80 -56.29 -56.79 -57.30 -57.81 -58.33 -58.83 -59.33 -59.81 -60.28 -60.73 -61.16 -61.56 -61.95 -62.30 -62.62 -62.92 -63.19 -63.42 -63.63 -63.81
-37.79 -38.56 -39.34 -40.12 -40.89 -41.66 -42.42 -43.16 -43.89 -44.61 -45.02 -45.67 -46.30 -46.89 -47.46 -47.99 -48.49 -48.96 -49.38 -49.77 -50.12 -50.43 -50.71 -50.95 -51.15 -51.33 -51.47 -51.59 -51.68 -51.76 -51.81 -51.86 -51.90 -51.94 -51.98 -52.02 -52.08 -52.14 -52.23 -52.33 -52.46 -52.62 -52.80 -53.02 -53.27 -53.55 -53.86 -54.21 -54.59 -55.00 -55.44 -55.90 -56.39 -56.90 -57.42 -57.96 -58.50 -59.05 -59.60 -60.14 -60.68 -61.20 -61.71 -62.20 -62.67 -63.12 -63.54 -63.93 -64.30 -64.63 -64.93 -65.21 -65.44 -65.65
-37.73 -38.51 -39.30 -40.08 -40.86 -41.64 -42.40 -43.16 -43.90 -44.62 -45.03 -45.70 -46.34 -46.95 -47.53 -48.08 -48.59 -49.07 -49.51 -49.91 -50.28 -50.60 -50.90 -51.15 -51.37 -51.56 -51.72 -51.86 -51.97 -52.07 -52.15 -52.22 -52.29 -52.35 -52.41 -52.49 -52.57 -52.67 -52.78 -52.92 -53.08 -53.27 -53.50 -53.75 -54.03 -54.35 -54.70 -55.09 -55.50 -55.95 -56.43 -56.93 -57.45 -58.00 -58.56 -59.13 -59.72 -60.31 -60.90 -61.48 -62.06 -62.63 -63.18 -63.71 -64.22 -64.72 -65.18 -65.61 -66.02 -66.39 -66.73 -67.03 -67.30 -67.53
-37.63 -38.42 -39.20 -39.99 -40.78 -41.56 -42.34 -43.11 -43.86 -44.30 -45.00 -45.68 -46.33 -46.95 -47.55 -48.11 -48.63 -49.13 -49.58 -50.00 -50.38 -50.72 -51.03 -51.30 -51.54 -51.75 -51.93 -52.09 -52.23 -52.34 -52.45 -52.54 -52.63 -52.72 -52.82 -52.92 -53.03 -53.16 -53.31 -53.48 -53.68 -53.91 -54.17 -54.46 -54.78 -55.14 -55.53 -55.95 -56.41 -56.90 -57.41 -57.96 -58.52 -59.11 -59.71 -60.33 -60.96 -61.59 -62.22 -62.85 -63.47 -64.09 -64.68 -65.26 -65.82 -66.35 -66.86 -67.33 -67.78 -68.19 -68.56 -68.90 -69.19 -69.45
-37.48 -38.27 -39.06 -39.86 -40.65 -41.44 -42.23 -43.00 -43.48 -44.21 -44.92 -45.61 -46.27 -46.90 -47.51 -48.09 -48.63 -49.13 -49.60 -50.03 -50.43 -50.79 -51.11 -51.41 -51.66 -51.89 -52.10 -52.27 -52.43 -52.57 -52.70 -52.83 -52.94 -53.06 -53.19 -53.32 -53.46 -53.63 -53.81 -54.02 -54.25 -54.52 -54.82 -55.15 -55.51 -55.91 -56.35 -56.81 -57.31 -57.84 -58.40 -58.99 -59.60 -60.23 -60.88 -61.55 -62.22 -62.90 -63.58 -64.25 -64.92 -65.58 -66.23 -66.85 -67.46 -68.04 -68.59 -69.11 -69.59 -70.04 -70.45 -70.81 -71.13 -71.41
-37.29 -38.08 -38.88 -39.67 -40.47 -41.27 -42.06 -42.57 -43.32 -44.06 -44.78 -45.48 -46.15 -46.80 -47.42 -48.01 -48.56 -49.08 -49.57 -50.01 -50.43 -50.81 -51.15 -51.46 -51.74 -51.99 -52.21 -52.41 -52.60 -52.76 -52.92 -53.07 -53.22 -53.37 -53.52 -53.69 -53.87 -54.07 -54.29 -54.53 -54.81 -55.11 -55.45 -55.82 -56.23 -56.67 -57.15 -57.66 -58.21 -58.79 -59.40 -60.03 -60.69 -61.37 -62.07 -62.78 -63.51 -64.23 -64.96 -65.69 -66.41 -67.12 -67.82 -68.49 -69.14 -69.77 -70.37 -70.93 -71.45 -71.94 -72.38 -72.78 -73.13 -73.43
-37.05 -37.84 -38.64 -39.44 -40.25 -41.05 -41.85 -42.35 -43.11 -43.86 -44.59 -45.30 -45.99 -46.64 -47.28 -47.88 -48.44 -48.98 -49.48 -49.94 -50.37 -50.77 -51.13 -51.46 -51.76 -52.03 -52.28 -52.51 -52.72 -52.91 -53.10 -53.28 -53.46 -53.64 -53.83 -54.03 -54.25 -54.48 -54.74 -55.03 -55.34 -55.69 -56.07 -56.49 -56.94 -57.43 -57.96 -58.52 -59.11 -59.74 -60.40 -61.08 -61.79 -62.53 -63.28 -64.04 -64.82 -65.60 -66.38 -67.17 -67.94 -68.70 -69.45 -70.18 -70.88 -71.56 -72.20 -72.81 -73.37 -73.89 -74.37 -74.80 -75.17 -75.49
