isostatic_correction.grd
DSAA
         641         601
    -3200.000000     3200.000000
    -3000.000000     3000.000000
     -412.474976      131.975433
[rows 429 to 461 of 601, columns 444 to 517 of 641]
-261.04 -258.48 -255.77 -252.92 -249.92 -246.77 -243.47 -240.03 -236.43 -232.70 -228.83 -224.82 -220.69 -216.46 -212.12 -206.93 -202.46 -197.94 -193.35 -188.73 -183.59 -178.97 -174.29 -169.63 -164.69 -159.87 -155.40 -150.96 -146.44 -142.14 -138.32 -134.54 -130.95 -127.90 -124.94 -122.58 -120.33 -118.17 -116.08 -114.06 -112.55 -110.61 -109.13 -107.22 -105.32 -103.02 -100.76 -97.74 -94.76 -92.21 -89.29 -86.82 -83.97 -81.17 -78.80 -76.08 -73.39 -70.74 -68.53 -65.96 -63.44 -60.95 -58.51 -56.49 -54.13 -51.82 -49.54 -47.31 -45.12 -43.22 -41.10 -39.02 -36.98 -34.98
-257.89 -255.20 -252.35 -249.36 -246.22 -242.94 -239.50 -235.91 -232.18 -228.30 -224.29 -220.15 -215.90 -211.54 -207.08 -201.84 -197.28 -192.66 -187.99 -182.87 -178.16 -173.43 -168.39 -163.75 -158.92 -154.21 -149.78 -145.41 -141.10 -137.29 -133.57 -130.48 -127.51 -124.64 -121.89 -119.74 -117.67 -115.69 -114.27 -112.39 -111.02 -109.19 -107.81 -105.98 -103.75 -101.13 -98.14 -95.18 -92.67 -89.78 -86.92 -84.52 -81.73 -78.98 -76.71 -74.05 -71.43 -69.25 -66.71 -64.21 -61.74 -59.32 -57.33 -54.99 -52.69 -50.34 -48.12 -45.93 -44.16 -42.05 -39.88 -37.85 -35.86 -33.90
-254.60 -251.76 -248.79 -245.66 -242.38 -238.95 -235.37 -231.65 -227.78 -223.77 -219.63 -215.37 -211.00 -206.52 -201.26 -196.67 -192.02 -187.32 -182.18 -177.42 -172.65 -167.57 -162.90 -158.03 -153.31 -148.72 -144.46 -140.12 -136.28 -132.63 -129.59 -126.67 -123.87 -121.71 -119.13 -117.16 -115.80 -113.97 -112.70 -110.94 -109.68 -107.93 -106.19 -104.03 -101.02 -98.49 -95.55 -93.08 -90.21 -87.37 -85.01 -82.24 -79.54 -77.29 -74.64 -72.04 -69.89 -67.36 -64.87 -62.42 -60.09 -58.13 -55.72 -53.43 -51.18 -48.97 -46.81 -44.95 -42.85 -40.80 -38.78 -36.68 -34.74 -32.83
-251.16 -248.19 -245.08 -241.81 -238.39 -234.83 -231.12 -227.25 -223.25 -219.12 -214.86 -210.48 -205.99 -201.41 -196.11 -191.43 -186.85 -182.02 -176.75 -171.94 -166.83 -162.12 -157.23 -152.64 -148.00 -143.57 -139.61 -135.39 -132.23 -128.73 -125.86 -123.11 -121.03 -118.53 -116.65 -114.85 -113.65 -111.96 -110.83 -109.68 -108.02 -106.36 -104.26 -101.28 -98.79 -95.87 -92.99 -90.59 -87.78 -85.45 -82.70 -80.03 -77.81 -75.19 -72.60 -70.11 -68.03 -65.57 -63.14 -60.75 -58.81 -56.50 -54.23 -51.99 -49.69 -47.53 -45.81 -43.61 -41.56 -39.56 -37.59 -35.53 -33.63 -32.11
-247.58 -244.48 -241.22 -237.82 -234.27 -230.57 -226.72 -222.73 -218.60 -214.35 -209.97 -205.48 -200.89 -196.21 -190.89 -186.30 -181.44 -176.14 -171.30 -166.46 -161.40 -156.68 -151.87 -147.30 -142.74 -138.81 -135.03 -131.41 -127.91 -125.07 -122.37 -120.35 -117.92 -116.12 -114.40 -112.75 -111.71 -110.14 -109.12 -107.57 -106.01 -104.45 -101.49 -98.57 -96.15 -93.29 -90.93 -88.14 -85.37 -83.12 -80.47 -77.83 -75.68 -73.17 -70.65 -68.61 -66.15 -63.74 -61.36 -59.55 -57.25 -54.99 -52.67 -50.48 -48.34 -46.52 -44.44 -42.41 -40.29 -38.33 -36.41 -34.39 -32.54 -31.07
-243.86 -240.62 -237.23 -233.69 -230.00 -226.17 -222.20 -218.08 -213.83 -209.46 -204.98 -200.38 -195.08 -190.63 -185.79 -180.90 -175.98 -170.70 -165.84 -160.76 -156.00 -151.16 -146.56 -141.98 -138.03 -134.23 -130.62 -127.13 -124.31 -121.64 -119.10 -117.33 -115.59 -113.95 -112.38 -110.87 -109.96 -108.49 -107.56 -106.09 -104.12 -101.67 -98.77 -96.39 -93.55 -90.76 -88.48 -85.76 -83.54 -80.88 -78.25 -76.20 -73.66 -71.14 -69.14 -66.70 -64.39 -62.03 -60.16 -57.87 -55.63 -53.42 -51.25 -49.00 -47.32 -45.25 -43.10 -41.12 -39.17 -37.12 -35.25 -33.41 -31.82 -30.04
-240.00 -236.63 -233.10 -229.43 -225.61 -221.65 -217.55 -213.31 -208.95 -204.47 -199.22 -194.59 -190.14 -185.30 -180.39 -175.46 -170.16 -165.26 -160.16 -155.37 -150.62 -145.87 -141.30 -137.30 -133.48 -129.88 -126.93 -124.15 -120.94 -118.44 -116.14 -115.07 -113.50 -112.00 -110.56 -109.16 -107.79 -106.43 -105.61 -103.70 -101.82 -98.93 -96.60 -93.80 -91.02 -88.78 -86.07 -83.39 -81.31 -78.71 -76.64 -74.11 -71.69 -69.24 -67.30 -64.92 -62.58 -60.73 -58.46 -56.22 -54.03 -51.87 -50.18 -48.09 -45.91 -43.90 -41.78 -39.84 -37.94 -35.93 -34.10 -32.68 -30.76 -29.03
-236.01 -232.50 -228.84 -225.04 -221.09 -217.00 -212.78 -208.43 -203.26 -198.73 -194.44 -189.67 -184.81 -179.91 -174.96 -169.65 -164.73 -159.82 -154.79 -150.01 -145.23 -140.63 -136.61 -132.78 -129.10 -126.23 -123.46 -120.86 -117.29 -116.16 -114.55 -112.42 -110.99 -109.63 -108.31 -107.03 -105.76 -104.49 -103.22 -101.40 -99.07 -96.24 -94.00 -91.24 -89.04 -86.35 -83.69 -81.66 -79.07 -76.61 -74.61 -72.13 -69.70 -67.79 -65.42 -63.09 -60.80 -59.01 -56.79 -54.73 -52.59 -50.79 -48.71 -46.67 -44.53 -42.57 -40.63 -38.59 -36.74 -34.77 -33.36 -31.60 -29.72 -28.03
-231.90 -228.25 -224.46 -220.52 -216.45 -212.24 -207.91 -202.76 -198.24 -193.96 -189.19 -184.34 -179.43 -174.47 -169.16 -164.22 -159.29 -154.24 -149.44 -144.64 -140.01 -135.94 -132.11 -128.42 -125.56 -122.81 -120.22 -117.79 -115.59 -114.04 -111.95 -110.59 -109.29 -107.41 -106.21 -105.02 -103.85 -102.66 -100.91 -99.18 -96.37 -94.14 -91.44 -88.73 -86.60 -83.96 -81.44 -79.41 -76.87 -74.99 -72.54 -70.12 -68.24 -65.89 -63.57 -61.30 -59.66 -57.45 -55.29 -53.15 -51.06 -49.31 -47.28 -45.28 -43.33 -41.25 -39.37 -37.37 -35.55 -34.17 -32.26 -30.55 -28.70 -27.05
-227.66 -223.88 -219.96 -215.90 -211.70 -207.38 -202.26 -198.14 -193.47 -188.71 -183.87 -178.96 -173.63 -168.69 -163.74 -158.80 -153.73 -148.90 -144.09 -139.43 -135.33 -131.49 -127.78 -124.82 -121.58 -119.61 -117.20 -114.92 -113.54 -111.49 -110.18 -108.30 -107.12 -105.34 -104.24 -103.14 -101.45 -100.36 -98.69 -96.47 -93.71 -91.61 -88.92 -86.27 -84.21 -81.71 -79.71 -77.20 -74.82 -72.92 -70.51 -68.26 -66.44 -64.15 -61.89 -59.67 -57.96 -55.81 -53.69 -51.61 -50.01 -48.00 -45.86 -43.92 -42.00 -39.97 -38.13 -36.57 -34.80 -33.05 -31.18 -29.51 -27.87 -26.09
-223.32 -219.41 -215.36 -211.18 -206.86 -202.43 -197.65 -192.99 -188.24 -183.40 -178.49 -173.17 -168.23 -163.27 -158.31 -153.24 -148.39 -143.57 -138.88 -134.28 -130.39 -127.17 -124.20 -121.58 -118.39 -117.27 -115.04 -112.92 -111.03 -109.78 -107.94 -106.15 -105.09 -103.40 -102.39 -100.75 -99.14 -97.54 -95.96 -93.81 -91.17 -89.08 -86.45 -84.42 -81.85 -79.42 -77.49 -75.03 -73.26 -70.88 -68.65 -66.86 -64.58 -62.34 -60.13 -58.45 -56.30 -54.20 -52.12 -50.56 -48.55 -46.58 -44.48 -42.58 -40.71 -38.71 -37.33 -35.57 -33.66 -31.96 -30.12 -28.49 -26.89 -25.15
-218.87 -214.83 -210.66 -206.36 -202.38 -197.79 -192.52 -187.77 -182.94 -178.04 -172.73 -167.79 -162.82 -157.67 -152.78 -147.91 -143.07 -138.37 -133.74 -129.83 -126.60 -123.62 -121.01 -118.46 -116.08 -113.18 -112.44 -111.15 -109.40 -107.59 -105.84 -104.16 -103.19 -101.58 -100.00 -98.45 -96.91 -95.39 -93.89 -91.28 -89.22 -86.61 -84.03 -82.07 -79.66 -77.76 -75.32 -73.04 -71.22 -68.89 -66.72 -64.99 -62.76 -60.56 -58.91 -56.78 -54.68 -52.62 -50.59 -49.08 -47.11 -45.19 -43.13 -41.27 -39.44 -37.91 -36.15 -34.42 -32.55 -30.89 -29.09 -27.50 -25.94 -24.23
-214.34 -210.17 -205.88 -201.89 -197.32 -192.63 -187.32 -182.50 -177.61 -172.30 -167.36 -162.39 -157.25 -152.34 -147.46 -142.61 -137.88 -133.31 -129.31 -126.06 -123.07 -120.48 -118.58 -116.24 -113.35 -112.67 -110.73 -108.87 -107.24 -105.54 -103.89 -102.29 -100.73 -99.21 -97.71 -96.23 -94.77 -92.70 -91.27 -88.74 -86.75 -84.19 -81.66 -79.76 -77.43 -75.59 -73.20 -70.98 -69.22 -66.94 -64.68 -63.16 -60.98 -58.83 -57.23 -55.15 -53.10 -51.08 -49.58 -47.63 -45.72 -43.83 -41.98 -39.99 -38.65 -36.89 -34.99 -33.31 -31.47 -29.85 -28.26 -26.52 -25.00 -23.68
-209.72 -205.89 -200.79 -196.27 -191.64 -186.91 -182.09 -177.20 -171.91 -166.97 -162.00 -156.85 -151.93 -147.04 -142.18 -137.44 -132.85 -128.83 -125.71 -123.33 -120.62 -118.10 -115.77 -113.58 -111.54 -111.04 -109.22 -107.48 -105.95 -103.63 -102.07 -100.55 -99.07 -96.93 -95.51 -94.11 -92.07 -90.71 -88.72 -86.25 -84.33 -81.82 -79.96 -77.51 -75.24 -73.46 -71.12 -69.54 -67.27 -65.03 -63.38 -61.37 -59.24 -57.14 -55.59 -53.55 -51.55 -49.58 -48.13 -46.23 -44.35 -42.51 -40.70 -39.19 -37.44 -35.73 -33.86 -32.22 -30.60 -28.83 -27.28 -25.58 -24.09 -22.99
-204.79 -200.40 -195.89 -191.27 -186.54 -181.72 -176.83 -171.88 -166.61 -161.63 -156.49 -151.57 -146.66 -141.80 -137.03 -132.43 -128.39 -125.28 -122.89 -120.18 -118.33 -116.02 -114.58 -112.57 -109.95 -108.88 -107.16 -105.67 -104.08 -102.55 -100.36 -98.22 -96.81 -94.75 -93.40 -91.40 -90.09 -88.14 -86.22 -84.45 -81.96 -79.51 -77.71 -75.31 -73.11 -71.39 -69.10 -67.59 -65.36 -63.18 -61.58 -59.63 -57.54 -56.02 -54.00 -52.00 -50.04 -48.62 -46.72 -44.85 -43.02 -41.22 -39.45 -37.98 -36.27 -34.60 -32.76 -31.16 -29.58 -27.84 -26.33 -24.85 -23.57 -22.14
-200.06 -195.56 -190.94 -186.22 -181.41 -176.52 -171.25 -166.30 -161.32 -156.19 -151.25 -146.29 -141.46 -136.67 -132.06 -128.00 -125.31 -122.51 -120.44 -118.63 -116.35 -114.93 -112.94 -111.07 -110.03 -107.61 -105.99 -104.58 -102.35 -100.89 -98.77 -96.69 -94.65 -92.65 -91.37 -89.43 -87.52 -85.63 -83.78 -81.95 -79.65 -77.25 -75.51 -73.17 -71.64 -69.36 -67.13 -65.51 -63.51 -61.37 -59.83 -57.93 -55.89 -54.42 -52.44 -50.49 -48.58 -47.20 -45.34 -43.52 -41.73 -39.97 -38.70 -36.80 -35.13 -33.50 -31.89 -30.13 -28.59 -27.08 -25.41 -24.33 -22.91 -21.32
-195.29 -190.68 -185.97 -181.16 -175.91 -171.01 -166.06 -160.89 -155.94 -150.99 -146.03 -141.18 -136.38 -131.75 -128.22 -124.98 -122.64 -120.11 -118.31 -116.74 -115.34 -114.10 -112.25 -109.76 -108.83 -106.49 -104.95 -102.89 -101.45 -98.62 -96.57 -94.55 -92.57 -90.63 -89.42 -87.54 -85.68 -83.19 -81.40 -79.63 -77.40 -75.05 -73.37 -71.08 -69.62 -67.40 -65.21 -63.65 -61.71 -59.62 -58.13 -56.10 -54.29 -52.87 -50.93 -49.03 -47.15 -45.82 -44.00 -42.22 -40.47 -38.76 -37.52 -35.86 -34.03 -32.43 -30.86 -29.33 -27.62 -26.15 -24.71 -23.47 -22.08 -20.72
-190.50 -185.79 -180.58 -175.75 -170.85 -165.90 -160.72 -155.77 -150.74 -145.84 -140.98 -136.15 -131.51 -127.97 -124.71 -122.37 -120.52 -118.75 -117.19 -115.82 -114.59 -112.75 -111.01 -109.35 -107.76 -105.50 -104.03 -102.02 -99.93 -97.17 -95.17 -93.21 -91.29 -88.71 -86.86 -85.04 -83.25 -80.81 -79.08 -77.37 -75.21 -73.55 -71.28 -69.05 -67.47 -65.48 -63.35 -61.84 -59.95 -57.91 -56.47 -54.49 -52.74 -51.36 -49.46 -47.61 -45.78 -44.48 -42.71 -40.97 -39.26 -37.58 -36.38 -34.76 -32.96 -31.39 -29.86 -28.36 -26.69 -25.25 -24.22 -22.83 -21.27 -19.94
-185.70 -180.90 -175.67 -170.77 -165.82 -160.64 -155.68 -150.64 -145.74 -140.85 -136.09 -131.35 -127.80 -124.53 -122.18 -120.14 -118.55 -117.72 -116.36 -115.14 -114.04 -112.30 -110.64 -109.05 -106.81 -104.62 -102.48 -100.40 -97.79 -95.80 -93.86 -91.25 -89.38 -86.85 -85.06 -82.60 -80.87 -79.17 -76.82 -75.17 -73.08 -71.48 -69.26 -67.08 -65.55 -63.63 -61.54 -60.08 -58.25 -56.83 -54.87 -52.93 -51.77 -49.89 -48.05 -46.23 -44.95 -43.18 -41.45 -39.75 -38.08 -36.44 -35.28 -33.69 -32.13 -30.40 -28.90 -27.43 -26.00 -24.59 -23.38 -22.03 -20.70 -19.40
-180.90 -175.68 -170.78 -165.83 -160.65 -155.68 -150.64 -145.72 -140.86 -136.04 -131.28 -127.71 -124.43 -122.07 -120.02 -119.14 -117.59 -116.95 -115.74 -114.63 -113.61 -111.96 -110.36 -108.12 -105.94 -103.10 -101.02 -99.14 -96.45 -93.81 -91.92 -89.36 -86.84 -85.07 -82.64 -80.93 -78.56 -76.92 -74.62 -73.04 -70.80 -69.46 -67.29 -65.16 -63.69 -61.83 -59.79 -58.38 -56.61 -55.23 -53.31 -51.42 -50.31 -48.48 -46.67 -44.90 -43.66 -41.94 -40.24 -38.58 -36.94 -35.80 -34.21 -32.66 -31.14 -29.65 -27.97 -26.53 -25.13 -24.14 -22.79 -21.46 -19.96 -18.69
-175.78 -170.89 -165.94 -160.76 -155.79 -150.73 -145.80 -140.88 -136.10 -131.31 -127.15 -124.41 -122.04 -119.98 -119.09 -117.53 -116.88 -115.66 -115.27 -114.24 -112.58 -110.98 -109.45 -106.57 -104.45 -101.67 -98.94 -97.12 -94.48 -91.89 -89.34 -87.55 -85.09 -82.66 -80.98 -78.63 -77.02 -74.74 -73.17 -70.96 -68.78 -67.50 -65.39 -63.31 -61.89 -60.08 -58.09 -56.73 -55.02 -53.69 -51.81 -49.96 -48.90 -47.11 -45.35 -43.61 -42.41 -40.73 -39.07 -37.45 -35.85 -34.28 -33.19 -31.67 -30.18 -28.72 -27.29 -25.67 -24.30 -23.34 -22.01 -20.72 -19.45 -18.21
-171.10 -166.15 -161.15 -155.99 -151.00 -145.99 -141.06 -136.15 -131.44 -127.26 -124.50 -122.10 -120.02 -119.11 -117.54 -116.88 -116.36 -115.24 -114.20 -113.23 -111.63 -109.40 -106.52 -103.69 -101.63 -99.05 -97.09 -94.46 -91.87 -90.05 -87.56 -85.10 -83.40 -81.03 -78.70 -77.10 -74.84 -72.61 -71.11 -68.94 -66.82 -65.61 -63.55 -61.52 -60.14 -58.40 -57.06 -55.14 -53.25 -52.19 -50.36 -48.56 -47.54 -45.79 -44.07 -42.38 -41.21 -39.56 -37.94 -36.36 -34.80 -33.26 -32.20 -30.72 -29.26 -27.83 -26.43 -25.06 -23.72 -22.56 -21.27 -20.00 -18.76 -17.55
-166.47 -161.48 -156.32 -151.31 -146.30 -141.34 -136.42 -131.69 -127.48 -124.69 -122.26 -120.15 -118.51 -117.62 -116.94 -116.40 -115.25 -114.20 -113.22 -111.61 -108.68 -106.50 -103.67 -101.75 -99.03 -96.35 -94.45 -91.87 -89.33 -87.57 -85.12 -82.72 -81.08 -78.76 -76.48 -74.94 -72.73 -70.55 -69.10 -67.00 -64.92 -63.77 -61.76 -59.78 -58.46 -56.76 -54.87 -53.60 -51.76 -50.75 -48.96 -47.20 -45.47 -44.52 -42.84 -41.18 -39.56 -38.44 -36.86 -35.31 -33.78 -32.29 -31.25 -29.80 -28.38 -26.98 -25.61 -24.27 -22.96 -21.68 -20.78 -19.32 -18.11 -16.93
-161.90 -156.87 -151.73 -146.72 -141.74 -136.81 -131.91 -127.82 -124.98 -121.86 -120.37 -118.70 -117.77 -117.06 -116.49 -115.32 -114.25 -113.25 -111.64 -108.69 -106.64 -103.82 -101.04 -99.03 -96.36 -93.73 -91.88 -89.35 -87.59 -85.15 -82.76 -81.13 -78.82 -76.55 -74.32 -72.84 -70.68 -68.56 -67.16 -65.11 -63.33 -61.99 -60.03 -58.11 -56.83 -55.19 -53.35 -52.12 -50.33 -49.35 -47.61 -45.89 -44.21 -43.29 -41.65 -40.04 -38.45 -37.36 -35.82 -34.30 -32.81 -31.35 -30.34 -28.92 -27.53 -26.16 -24.83 -23.51 -22.23 -20.98 -20.10 -18.88 -17.70 -16.54
-157.40 -152.26 -147.25 -142.23 -137.31 -132.40 -128.26 -124.78 -122.22 -120.21 -118.97 -118.01 -117.24 -115.92 -115.44 -114.34 -113.33 -111.69 -108.87 -105.98 -103.86 -101.08 -99.07 -96.39 -93.76 -91.91 -89.38 -86.89 -85.19 -82.80 -80.46 -78.89 -76.63 -74.41 -72.94 -70.80 -68.70 -67.32 -65.28 -63.52 -62.21 -60.28 -58.37 -56.49 -55.26 -53.68 -51.88 -50.69 -48.94 -47.46 -46.31 -44.64 -42.99 -42.12 -40.51 -38.94 -37.39 -36.33 -34.82 -33.34 -31.88 -30.45 -29.04 -28.08 -26.72 -25.38 -24.07 -22.79 -21.53 -20.31 -19.45 -18.26 -17.10 -15.97
-152.99 -147.88 -142.87 -137.93 -133.00 -128.66 -125.30 -122.69 -120.42 -118.43 -117.60 -116.79 -116.14 -115.61 -114.48 -112.75 -111.90 -108.96 -106.07 -103.94 -101.15 -98.41 -96.45 -93.82 -91.23 -89.43 -86.95 -84.51 -82.86 -80.52 -78.23 -76.71 -74.50 -72.34 -70.92 -68.83 -66.78 -65.69 -63.71 -61.77 -60.50 -58.62 -56.76 -54.94 -53.75 -52.21 -50.47 -49.31 -47.61 -46.18 -45.06 -43.43 -41.83 -40.99 -39.42 -37.88 -36.37 -34.88 -33.87 -32.42 -30.99 -29.59 -28.22 -27.27 -25.94 -24.64 -23.35 -22.10 -20.87 -19.67 -18.50 -17.67 -16.54 -15.43
-148.61 -143.60 -138.65 -133.72 -128.30 -125.34 -122.62 -120.26 -118.89 -117.81 -117.12 -116.41 -115.14 -114.67 -112.91 -111.36 -109.09 -106.19 -104.04 -101.25 -98.51 -96.54 -93.90 -91.31 -89.51 -87.03 -84.59 -82.95 -80.61 -78.31 -76.07 -74.60 -72.44 -70.33 -68.96 -67.18 -65.18 -63.90 -61.97 -60.08 -58.86 -57.02 -55.22 -53.44 -52.54 -50.81 -49.11 -48.00 -46.34 -44.95 -43.87 -42.28 -40.71 -39.90 -38.38 -36.87 -35.39 -33.94 -32.95 -31.54 -30.14 -28.77 -27.43 -26.11 -25.20 -23.93 -22.67 -21.45 -20.24 -19.07 -17.92 -17.11 -16.00 -14.91
-144.42 -139.42 -134.54 -129.14 -125.53 -122.68 -120.21 -118.74 -117.58 -116.83 -116.06 -115.43 -114.23 -113.12 -111.54 -109.26 -106.35 -103.49 -101.40 -98.65 -95.94 -94.02 -91.43 -88.88 -87.14 -84.70 -82.31 -80.71 -78.42 -76.18 -74.71 -72.56 -70.71 -68.65 -67.33 -65.35 -63.40 -62.16 -60.29 -58.44 -57.27 -55.48 -53.73 -52.00 -51.14 -49.46 -47.80 -46.73 -45.11 -43.77 -42.72 -41.17 -39.64 -38.38 -37.37 -35.91 -34.46 -33.04 -31.64 -30.70 -29.34 -28.00 -26.68 -25.39 -24.13 -23.25 -22.02 -20.82 -19.65 -18.50 -17.37 -16.27 -15.49 -14.43
-140.34 -135.04 -130.08 -126.22 -122.88 -120.28 -118.03 -116.96 -115.93 -115.79 -115.10 -114.52 -113.49 -111.76 -108.79 -106.55 -103.69 -101.58 -98.82 -96.11 -94.18 -91.58 -89.03 -87.27 -84.83 -82.44 -80.09 -78.54 -76.55 -74.36 -72.94 -70.85 -68.79 -66.78 -65.51 -63.58 -61.69 -60.49 -58.66 -56.87 -55.74 -54.00 -52.29 -50.87 -49.80 -48.16 -46.55 -45.51 -43.94 -42.64 -41.62 -40.11 -38.62 -37.40 -36.42 -34.99 -33.58 -32.19 -30.83 -29.90 -28.57 -27.26 -25.97 -24.71 -23.47 -22.61 -21.41 -20.24 -19.09 -17.96 -16.86 -15.78 -15.02 -13.98
-136.05 -131.09 -126.17 -123.20 -119.86 -118.11 -116.94 -115.82 -114.91 -114.16 -113.54 -113.13 -112.01 -109.05 -106.79 -103.92 -101.10 -99.03 -96.31 -93.65 -91.77 -89.21 -86.71 -84.99 -82.60 -80.50 -78.94 -76.70 -74.51 -72.38 -71.00 -68.95 -66.95 -65.68 -63.76 -61.87 -60.03 -58.88 -57.10 -55.36 -54.27 -52.58 -50.92 -49.55 -48.51 -46.92 -45.36 -44.35 -42.82 -41.56 -40.08 -39.10 -37.65 -36.47 -35.06 -34.11 -32.74 -31.38 -30.05 -28.73 -27.84 -26.56 -25.30 -24.06 -22.85 -21.66 -20.83 -19.68 -18.56 -17.45 -16.37 -15.32 -14.29 -13.55
-132.17 -127.42 -123.65 -120.20 -117.66 -116.35 -115.13 -114.13 -113.31 -113.29 -112.19 -111.04 -109.33 -107.06 -104.34 -101.53 -99.46 -96.75 -94.09 -92.20 -89.65 -87.15 -85.42 -83.03 -80.69 -78.40 -76.88 -74.69 -72.55 -71.17 -69.12 -67.12 -65.44 -64.21 -62.34 -60.50 -58.44 -57.33 -55.60 -53.91 -52.86 -51.21 -49.86 -48.28 -47.28 -45.73 -44.21 -43.23 -41.75 -40.53 -39.09 -38.14 -36.73 -35.58 -34.20 -33.28 -31.94 -30.61 -29.31 -28.02 -26.76 -25.89 -24.66 -23.45 -22.27 -21.10 -19.96 -19.16 -18.06 -16.98 -15.92 -14.89 -13.88 -12.89
-128.41 -123.74 -120.65 -117.99 -115.89 -114.54 -113.45 -113.22 -112.62 -111.96 -110.76 -109.66 -106.86 -104.65 -101.83 -99.06 -97.03 -94.37 -91.75 -89.90 -87.39 -84.94 -83.26 -80.91 -78.61 -77.09 -74.89 -72.75 -70.65 -69.31 -67.31 -65.36 -63.73 -62.54 -60.72 -58.93 -57.19 -56.11 -54.43 -52.79 -51.77 -50.17 -48.60 -47.07 -46.10 -44.60 -43.12 -41.66 -40.73 -39.55 -38.14 -37.22 -35.84 -34.73 -33.39 -32.07 -31.17 -29.88 -28.61 -27.36 -26.12 -24.91 -24.06 -22.88 -21.72 -20.58 -19.46 -18.37 -17.29 -16.54 -15.50 -14.49 -13.50 -12.53
-124.91 -120.70 -117.83 -115.58 -114.08 -112.88 -112.55 -111.89 -111.17 -110.55 -109.52 -107.21 -104.98 -102.16 -99.39 -97.34 -94.67 -92.05 -90.18 -87.67 -85.21 -83.52 -81.16 -78.86 -76.61 -75.12 -72.97 -70.88 -68.83 -67.53 -65.57 -63.95 -62.09 -60.94 -59.16 -57.43 -56.36 -54.69 -53.06 -51.46 -50.47 -48.92 -47.40 -45.91 -44.97 -43.51 -42.08 -40.66 -39.75 -38.62 -37.25 -35.90 -35.01 -33.93 -32.62 -31.33 -30.06 -29.20 -27.95 -26.73 -25.52 -24.33 -23.16 -22.35 -21.21 -20.09 -19.00 -17.92 -16.87 -15.84 -15.11 -14.12 -13.15 -12.20
