isostatic_correction.grd
DSAA
         641         601
    -3200.000000     3200.000000
    -3000.000000     3000.000000
     -412.474976      131.975433
[rows 264 to 296 of 601, columns 222 to 295 of 641]
65.40 64.57 63.87 62.63 61.19 59.55 57.74 55.78 53.67 51.44 49.11 46.69 44.21 41.67 39.11 36.54 33.98 31.45 28.96 26.55 23.48 21.22 19.07 17.05 15.17 13.42 11.83 10.37 9.06 7.88 6.84 5.91 5.43 4.70 4.05 3.48 2.96 2.49 2.06 1.43 1.05 0.67 0.29 -0.11 -0.51 -0.93 -1.37 -1.83 -2.30 -2.80 -3.30 -3.81 -4.34 -4.86 -5.40 -5.92 -6.45 -6.97 -7.48 -7.98 -8.46 -8.93 -9.38 -9.81 -10.21 -10.59 -10.94 -11.26 -11.55 -11.79 -12.00 -12.17 -12.30 -12.59
63.47 62.89 62.24 61.06 59.68 58.11 56.37 54.47 52.43 50.26 47.98 45.61 43.18 40.69 38.17 35.64 33.12 30.62 28.18 25.81 22.83 20.60 18.49 16.52 14.67 12.98 11.42 10.00 8.73 7.58 6.91 6.00 5.20 4.50 3.88 3.33 2.84 2.39 1.98 1.59 1.03 0.68 0.32 -0.05 -0.44 -0.84 -1.26 -1.71 -2.17 -2.66 -3.16 -3.68 -4.22 -4.76 -5.31 -5.86 -6.41 -6.96 -7.50 -8.03 -8.56 -9.06 -9.56 -10.03 -10.47 -10.90 -11.29 -11.65 -11.98 -12.27 -12.52 -12.73 -12.89 -13.21
62.11 61.60 60.69 59.57 58.26 56.77 55.10 53.26 51.29 49.18 46.96 44.65 42.27 39.83 37.35 34.87 32.39 29.94 27.54 25.20 22.95 20.13 18.07 16.13 14.33 12.66 11.14 9.76 8.51 7.40 6.73 5.85 5.07 4.38 3.78 3.25 2.77 2.34 1.95 1.58 1.22 0.87 0.38 0.03 -0.34 -0.73 -1.14 -1.57 -2.03 -2.51 -3.02 -3.54 -4.09 -4.64 -5.21 -5.78 -6.36 -6.93 -7.51 -8.08 -8.63 -9.18 -9.71 -10.22 -10.71 -11.18 -11.61 -12.02 -12.39 -12.72 -13.01 -13.26 -13.45 -13.81
60.52 60.06 59.21 58.16 56.92 55.50 53.90 52.14 50.23 48.19 46.04 43.79 41.46 39.07 36.65 34.21 31.78 29.38 27.02 24.73 22.52 20.40 17.77 15.87 14.10 12.47 10.98 9.62 8.40 7.62 6.64 5.77 5.00 4.33 3.74 3.22 2.76 2.34 1.95 1.60 1.25 0.92 0.58 0.13 -0.23 -0.60 -1.00 -1.43 -1.88 -2.36 -2.87 -3.40 -3.95 -4.52 -5.11 -5.70 -6.30 -6.90 -7.51 -8.11 -8.71 -9.29 -9.86 -10.41 -10.94 -11.45 -11.92 -12.37 -12.78 -13.15 -13.48 -13.76 -14.00 -14.17
58.99 58.34 57.81 56.83 55.66 54.31 52.78 51.09 49.25 47.09 45.03 42.88 40.65 38.35 36.02 33.66 31.27 28.92 26.61 24.36 22.19 20.12 17.59 15.72 13.99 12.38 10.91 9.58 8.38 7.58 6.62 5.76 5.00 4.34 3.75 3.23 2.77 2.36 1.99 1.64 1.31 0.98 0.65 0.31 -0.04 -0.48 -0.87 -1.29 -1.74 -2.22 -2.73 -3.26 -3.82 -4.41 -5.01 -5.62 -6.25 -6.88 -7.52 -8.15 -8.78 -9.40 -10.00 -10.59 -11.16 -11.71 -12.23 -12.71 -13.16 -13.57 -13.93 -14.25 -14.51 -14.72
57.52 56.93 56.46 55.54 54.44 53.16 51.71 49.84 48.10 46.22 44.23 42.14 39.97 37.74 35.47 33.17 30.85 28.54 26.28 24.08 21.95 19.92 17.99 15.66 13.96 12.38 10.93 9.61 8.68 7.61 6.65 5.80 5.04 4.38 3.79 3.28 2.82 2.41 2.04 1.69 1.36 1.04 0.72 0.39 0.05 -0.32 -0.71 -1.16 -1.61 -2.09 -2.60 -3.15 -3.72 -4.31 -4.93 -5.56 -6.21 -6.87 -7.53 -8.19 -8.86 -9.51 -10.15 -10.78 -11.38 -11.97 -12.52 -13.05 -13.53 -13.98 -14.38 -14.73 -15.02 -15.26
56.11 55.56 54.85 54.31 53.27 51.77 50.40 48.87 47.20 45.40 43.48 41.45 39.35 37.18 34.97 32.73 30.50 28.23 26.02 23.86 21.78 19.79 17.89 16.10 13.99 12.43 11.00 9.93 8.75 7.68 6.72 5.87 5.11 4.45 3.86 3.33 2.87 2.46 2.09 1.74 1.41 1.09 0.77 0.45 0.11 -0.25 -0.64 -1.05 -1.50 -1.99 -2.50 -3.05 -3.63 -4.24 -4.88 -5.53 -6.20 -6.88 -7.57 -8.26 -8.95 -9.63 -10.31 -10.97 -11.61 -12.23 -12.82 -13.38 -13.90 -14.38 -14.81 -15.19 -15.52 -15.78
54.74 54.23 53.57 53.10 51.83 50.69 49.39 47.94 46.34 44.60 42.75 40.80 38.76 36.65 34.50 32.33 30.16 27.97 25.80 23.70 21.66 19.70 17.84 16.08 14.42 12.52 11.31 10.02 8.84 7.77 6.81 5.95 5.19 4.52 3.92 3.39 2.92 2.50 2.12 1.77 1.44 1.12 0.81 0.49 0.15 -0.21 -0.59 -1.00 -1.45 -1.94 -2.45 -3.00 -3.59 -4.21 -4.85 -5.52 -6.21 -6.92 -7.63 -8.35 -9.06 -9.78 -10.49 -11.18 -11.85 -12.51 -13.13 -13.72 -14.28 -14.79 -15.25 -15.66 -16.01 -16.30
53.40 52.93 52.32 51.62 50.71 49.63 48.40 47.01 45.48 43.82 42.04 40.15 38.18 36.14 34.06 32.01 29.86 27.72 25.61 23.55 21.56 19.64 17.81 16.08 14.45 13.09 11.40 10.12 8.94 7.87 6.91 6.04 5.27 4.58 3.98 3.43 2.95 2.52 2.13 1.78 1.44 1.12 0.80 0.48 0.14 -0.21 -0.59 -1.00 -1.45 -1.94 -2.46 -3.01 -3.59 -4.22 -4.88 -5.56 -6.27 -6.99 -7.72 -8.46 -9.21 -9.95 -10.68 -11.41 -12.11 -12.79 -13.45 -14.07 -14.65 -15.19 -15.68 -16.12 -16.49 -16.80
52.10 51.38 50.79 50.06 49.59 48.58 47.41 46.09 44.62 43.03 41.55 39.71 37.78 35.78 33.73 31.65 29.56 27.48 25.43 23.42 21.47 19.59 17.79 16.08 14.59 13.10 11.49 10.21 9.03 7.96 6.98 6.11 5.33 4.63 4.00 3.45 2.95 2.51 2.11 1.75 1.40 1.08 0.76 0.43 0.09 -0.26 -0.64 -1.06 -1.50 -1.99 -2.51 -3.07 -3.64 -4.28 -4.95 -5.64 -6.37 -7.10 -7.86 -8.62 -9.39 -10.15 -10.91 -11.66 -12.39 -13.10 -13.78 -14.43 -15.04 -15.61 -16.12 -16.58 -16.97 -17.30
50.55 50.13 49.57 48.88 48.48 47.83 46.71 45.45 44.04 42.50 40.83 39.06 37.21 35.28 33.29 31.28 29.26 27.23 25.23 23.27 21.36 19.52 17.75 16.15 14.58 13.09 11.71 10.28 9.10 8.02 7.03 6.15 5.35 4.63 3.99 3.42 2.91 2.46 2.04 1.67 1.31 0.98 0.65 0.32 -0.02 -0.37 -0.76 -1.17 -1.62 -2.10 -2.63 -3.15 -3.76 -4.40 -5.08 -5.78 -6.51 -7.27 -8.03 -8.81 -9.60 -10.38 -11.16 -11.93 -12.69 -13.42 -14.13 -14.80 -15.44 -16.03 -16.56 -17.04 -17.46 -17.81
49.28 48.88 48.35 47.69 47.66 46.75 45.70 44.50 43.16 41.68 40.09 38.39 36.60 34.74 32.83 30.88 28.91 26.95 25.00 23.09 21.23 19.42 17.72 16.08 14.52 13.05 11.67 10.39 9.12 8.03 7.04 6.14 5.32 4.59 3.93 3.35 2.82 2.35 1.92 1.53 1.17 0.82 0.49 0.15 -0.19 -0.55 -0.93 -1.35 -1.79 -2.28 -2.81 -3.32 -3.93 -4.58 -5.26 -5.98 -6.72 -7.48 -8.26 -9.05 -9.85 -10.65 -11.45 -12.24 -13.01 -13.77 -14.50 -15.19 -15.84 -16.45 -17.01 -17.50 -17.94 -18.30
48.01 47.62 47.40 46.78 46.04 45.66 44.66 43.51 42.23 40.83 39.30 37.67 35.95 34.16 32.32 30.43 28.53 26.62 24.73 22.86 21.04 19.27 17.58 15.96 14.42 12.96 11.59 10.31 9.12 7.98 6.98 6.06 5.23 4.49 3.81 3.21 2.66 2.17 1.73 1.33 0.96 0.60 0.26 -0.08 -0.43 -0.79 -1.18 -1.59 -2.04 -2.53 -3.00 -3.56 -4.18 -4.82 -5.51 -6.23 -6.97 -7.75 -8.53 -9.33 -10.15 -10.96 -11.77 -12.58 -13.37 -14.13 -14.88 -15.59 -16.26 -16.89 -17.46 -17.97 -18.42 -18.80
46.75 46.63 46.16 45.57 44.86 44.53 43.58 42.49 41.27 39.93 38.47 36.90 35.25 33.53 31.75 29.93 28.09 26.24 24.39 22.57 20.79 19.06 17.37 15.78 14.25 12.81 11.44 10.16 8.97 7.86 6.85 5.92 5.08 4.31 3.62 3.00 2.44 1.94 1.48 1.06 0.68 0.31 -0.04 -0.39 -0.74 -1.11 -1.49 -1.91 -2.36 -2.78 -3.31 -3.88 -4.49 -5.14 -5.82 -6.54 -7.29 -8.06 -8.86 -9.66 -10.48 -11.30 -12.12 -12.94 -13.74 -14.52 -15.28 -16.00 -16.69 -17.33 -17.91 -18.44 -18.90 -19.29
45.71 45.35 44.89 44.33 43.64 43.37 42.46 41.43 40.26 38.97 37.58 36.08 34.49 32.83 31.11 29.35 27.57 25.77 23.98 22.21 20.47 18.76 17.09 15.52 14.01 12.58 11.22 9.95 8.75 7.64 6.61 5.66 4.85 4.07 3.36 2.72 2.15 1.63 1.16 0.72 0.33 -0.05 -0.41 -0.76 -1.12 -1.49 -1.88 -2.30 -2.68 -3.17 -3.69 -4.26 -4.86 -5.51 -6.19 -6.91 -7.66 -8.43 -9.23 -10.04 -10.86 -11.68 -12.51 -13.33 -14.14 -14.93 -15.70 -16.43 -17.13 -17.77 -18.37 -18.91 -19.38 -19.78
44.41 44.06 43.61 43.06 42.40 42.16 41.29 40.30 39.19 37.96 36.62 35.18 33.66 32.06 30.40 28.70 26.97 25.23 23.49 21.76 20.05 18.39 16.72 15.17 13.69 12.27 10.92 9.65 8.45 7.34 6.30 5.35 4.46 3.75 3.03 2.37 1.78 1.24 0.76 0.32 -0.09 -0.48 -0.85 -1.21 -1.57 -1.94 -2.34 -2.70 -3.14 -3.62 -4.14 -4.70 -5.31 -5.95 -6.63 -7.34 -8.08 -8.85 -9.64 -10.45 -11.27 -12.10 -12.93 -13.75 -14.56 -15.36 -16.13 -16.87 -17.57 -18.23 -18.83 -19.37 -19.85 -20.27
43.10 42.74 42.29 41.75 41.12 40.37 40.07 39.12 38.05 36.87 35.59 34.21 32.74 31.20 29.60 27.95 26.28 24.59 22.89 21.21 19.54 17.91 16.26 14.74 13.27 11.86 10.53 9.26 8.07 6.95 5.91 4.95 4.06 3.25 2.50 1.94 1.34 0.79 0.29 -0.17 -0.59 -0.98 -1.36 -1.72 -2.09 -2.47 -2.81 -3.22 -3.66 -4.14 -4.65 -5.21 -5.80 -6.44 -7.11 -7.82 -8.55 -9.32 -10.10 -10.90 -11.72 -12.54 -13.37 -14.19 -15.00 -15.80 -16.57 -17.31 -18.02 -18.68 -19.29 -19.84 -20.33 -20.75
41.77 41.40 40.95 40.41 39.79 39.06 38.78 37.87 36.84 35.71 34.48 33.15 31.73 30.25 28.70 27.11 25.49 23.85 22.20 20.55 18.92 17.33 15.76 14.25 12.78 11.38 10.04 8.78 7.60 6.48 5.44 4.48 3.59 2.77 2.01 1.32 0.69 0.23 -0.27 -0.73 -1.15 -1.54 -1.92 -2.28 -2.65 -3.01 -3.40 -3.81 -4.25 -4.72 -5.23 -5.77 -6.36 -6.98 -7.65 -8.34 -9.06 -9.82 -10.59 -11.39 -12.20 -13.01 -13.83 -14.65 -15.46 -16.25 -17.03 -17.77 -18.47 -19.14 -19.75 -20.30 -20.66 -21.08
40.41 40.02 39.56 39.03 38.41 37.70 37.43 36.55 35.56 34.46 33.27 31.99 30.63 29.20 27.70 26.17 24.59 23.00 21.39 19.79 18.20 16.64 15.10 13.61 12.17 10.79 9.47 8.21 7.02 5.91 4.87 3.90 3.00 2.17 1.42 0.72 0.09 -0.49 -1.02 -1.35 -1.78 -2.18 -2.56 -2.93 -3.29 -3.66 -4.05 -4.45 -4.88 -5.35 -5.85 -6.39 -6.96 -7.57 -8.22 -8.90 -9.62 -10.36 -11.12 -11.90 -12.70 -13.50 -14.32 -15.13 -15.93 -16.72 -17.49 -18.23 -18.93 -19.51 -20.11 -20.79 -21.28 -21.70
39.02 38.61 38.14 37.60 36.98 36.27 36.02 35.15 34.19 33.13 31.98 30.75 29.43 28.05 26.60 25.11 23.59 22.04 20.48 18.92 17.37 15.84 14.34 12.88 11.46 10.10 8.80 7.56 6.38 5.27 4.23 3.27 2.37 1.55 0.78 0.09 -0.55 -1.13 -1.67 -2.16 -2.61 -2.87 -3.25 -3.63 -3.99 -4.36 -4.74 -5.14 -5.57 -6.02 -6.51 -7.04 -7.60 -8.20 -8.84 -9.50 -10.20 -10.92 -11.67 -12.44 -13.22 -14.01 -14.81 -15.61 -16.40 -17.18 -17.94 -18.65 -19.32 -19.96 -20.69 -21.24 -21.73 -22.16
37.60 37.16 36.67 36.12 35.49 34.79 34.01 33.68 32.74 31.71 30.60 29.40 28.13 26.79 25.39 23.95 22.47 20.97 19.45 17.93 16.42 14.93 13.47 12.04 10.65 9.32 8.03 6.81 5.65 4.56 3.53 2.57 1.67 0.85 0.09 -0.61 -1.25 -1.84 -2.37 -2.87 -3.32 -3.75 -4.15 -4.54 -4.74 -5.10 -5.48 -5.87 -6.29 -6.74 -7.21 -7.73 -8.27 -8.86 -9.47 -10.12 -10.80 -11.51 -12.23 -12.98 -13.75 -14.53 -15.32 -16.16 -16.92 -17.66 -18.39 -19.09 -19.77 -20.53 -21.13 -21.68 -22.18 -22.61
36.14 35.67 35.16 34.58 33.95 33.25 32.47 32.13 31.21 30.20 29.12 27.96 26.72 25.43 24.08 22.68 21.25 19.79 18.32 16.84 15.37 13.92 12.50 11.10 9.75 8.44 7.18 5.98 4.84 3.76 2.75 1.80 0.91 0.09 -0.66 -1.36 -2.00 -2.59 -3.12 -3.62 -4.08 -4.50 -4.90 -5.29 -5.67 -6.05 -6.43 -6.63 -7.04 -7.48 -7.94 -8.44 -8.97 -9.53 -10.13 -10.76 -11.41 -12.10 -12.81 -13.68 -14.40 -15.14 -15.89 -16.64 -17.39 -18.12 -18.84 -19.64 -20.32 -20.96 -21.56 -22.11 -22.61 -23.06
34.65 34.14 33.59 33.00 32.35 31.64 30.86 30.49 29.59 28.60 27.55 26.42 25.22 23.96 22.65 21.30 19.92 18.51 17.08 15.65 14.23 12.82 11.43 10.07 8.75 7.48 6.25 5.08 3.96 2.90 1.90 0.96 0.09 -0.72 -1.47 -2.16 -2.80 -3.38 -3.92 -4.41 -4.86 -5.29 -5.69 -6.07 -6.44 -6.81 -7.19 -7.58 -7.98 -8.41 -8.86 -9.35 -9.86 -10.40 -10.97 -11.57 -12.20 -12.85 -13.52 -14.22 -14.93 -15.65 -16.38 -17.12 -17.92 -18.66 -19.38 -20.08 -20.75 -21.38 -21.98 -22.54 -23.04 -23.49
33.12 32.56 31.98 31.36 30.69 29.96 29.18 28.78 27.89 26.92 25.88 24.78 23.62 22.40 21.14 19.83 18.49 17.13 15.75 14.37 12.99 11.63 10.28 8.97 7.69 6.45 5.25 4.11 3.01 1.98 1.00 0.08 -0.78 -1.58 -2.32 -3.00 -3.63 -4.21 -4.74 -5.23 -5.68 -6.10 -6.49 -6.87 -7.23 -7.60 -7.96 -8.34 -8.73 -9.14 -9.58 -10.05 -10.54 -11.06 -11.61 -12.19 -12.80 -13.43 -14.08 -14.76 -15.49 -16.20 -16.92 -17.65 -18.38 -19.10 -19.81 -20.50 -21.16 -21.80 -22.40 -22.95 -23.46 -23.92
31.54 30.94 30.32 29.67 28.97 28.23 27.44 27.00 26.11 25.15 24.14 23.07 21.94 20.76 19.53 18.27 16.98 15.66 14.34 13.00 11.67 10.36 9.06 7.79 6.55 5.35 4.19 3.08 2.02 1.01 0.05 -0.85 -1.69 -2.47 -3.20 -3.87 -4.49 -5.06 -5.59 -6.07 -6.51 -6.92 -7.31 -7.68 -8.03 -8.39 -8.74 -9.10 -9.48 -9.88 -10.30 -10.75 -11.22 -11.72 -12.25 -12.81 -13.40 -14.00 -14.66 -15.32 -16.00 -16.69 -17.40 -18.11 -18.82 -19.53 -20.23 -20.91 -21.57 -22.20 -22.80 -23.35 -23.87 -24.34
29.93 29.28 28.62 27.93 27.20 26.44 25.64 24.79 24.26 23.32 22.32 21.27 20.18 19.03 17.85 16.63 15.39 14.12 12.85 11.57 10.29 9.02 7.78 6.55 5.36 4.20 3.08 2.01 0.98 -0.01 -0.93 -1.81 -2.63 -3.40 -4.11 -4.77 -5.37 -5.94 -6.45 -6.92 -7.35 -7.76 -8.13 -8.49 -8.84 -9.18 -9.52 -9.87 -10.23 -10.61 -11.01 -11.44 -11.89 -12.38 -12.88 -13.42 -13.98 -14.59 -15.20 -15.84 -16.50 -17.17 -17.86 -18.55 -19.25 -19.94 -20.63 -21.30 -21.96 -22.59 -23.19 -23.75 -24.27 -24.75
28.28 27.58 26.87 26.14 25.39 24.61 23.79 22.93 22.36 21.42 20.44 19.42 18.35 17.25 16.10 14.93 13.74 12.52 11.30 10.07 8.85 7.64 6.44 5.27 4.13 3.01 1.93 0.90 -0.10 -1.05 -1.95 -2.80 -3.59 -4.34 -5.04 -5.68 -6.27 -6.82 -7.32 -7.78 -8.20 -8.59 -8.96 -9.30 -9.64 -9.96 -10.29 -10.62 -10.97 -11.33 -11.71 -12.12 -12.55 -13.01 -13.50 -14.01 -14.57 -15.14 -15.73 -16.34 -16.98 -17.63 -18.30 -18.98 -19.66 -20.34 -21.02 -21.69 -22.34 -22.96 -23.57 -24.13 -24.66 -25.15
26.60 25.85 25.09 24.32 23.54 22.73 21.89 21.03 20.40 19.48 18.51 17.51 16.48 15.41 14.31 13.18 12.04 10.88 9.71 8.54 7.37 6.21 5.07 3.95 2.86 1.79 0.76 -0.24 -1.19 -2.11 -2.98 -3.80 -4.57 -5.29 -5.97 -6.59 -7.17 -7.70 -8.18 -8.63 -9.04 -9.42 -9.77 -10.10 -10.42 -10.73 -11.05 -11.36 -11.69 -12.03 -12.40 -12.78 -13.19 -13.63 -14.09 -14.60 -15.12 -15.66 -16.23 -16.83 -17.44 -18.08 -18.72 -19.39 -20.05 -20.72 -21.39 -22.05 -22.70 -23.33 -23.93 -24.51 -25.04 -25.55
24.89 24.08 23.28 22.47 21.65 20.82 19.97 19.09 18.41 17.50 16.55 15.57 14.56 13.53 12.47 11.40 10.30 9.20 8.08 6.97 5.86 4.76 3.68 2.61 1.57 0.55 -0.44 -1.39 -2.30 -3.18 -4.02 -4.81 -5.55 -6.25 -6.90 -7.50 -8.06 -8.57 -9.04 -9.47 -9.87 -10.23 -10.57 -10.89 -11.19 -11.49 -11.78 -12.08 -12.39 -12.71 -13.05 -13.42 -13.81 -14.22 -14.66 -15.15 -15.65 -16.17 -16.71 -17.29 -17.88 -18.50 -19.13 -19.78 -20.43 -21.09 -21.76 -22.41 -23.06 -23.69 -24.29 -24.87 -25.42 -25.94
23.15 22.29 21.45 20.60 19.75 18.89 18.02 17.14 16.24 15.50 14.56 13.61 12.63 11.64 10.62 9.59 8.55 7.50 6.44 5.39 4.34 3.30 2.27 1.26 0.27 -0.69 -1.63 -2.54 -3.41 -4.25 -5.05 -5.81 -6.53 -7.20 -7.82 -8.41 -8.94 -9.44 -9.89 -10.30 -10.68 -11.03 -11.35 -11.65 -11.93 -12.22 -12.49 -12.77 -13.06 -13.37 -13.69 -14.03 -14.40 -14.79 -15.23 -15.67 -16.15 -16.65 -17.17 -17.73 -18.30 -18.90 -19.52 -20.15 -20.80 -21.45 -22.10 -22.75 -23.40 -24.03 -24.65 -25.24 -25.80 -26.33
21.39 20.49 19.60 18.71 17.83 16.95 16.07 15.17 14.27 13.49 12.57 11.64 10.69 9.73 8.76 7.78 6.79 5.79 4.80 3.80 2.81 1.83 0.86 -0.09 -1.03 -1.94 -2.83 -3.69 -4.52 -5.32 -6.08 -6.80 -7.49 -8.13 -8.73 -9.29 -9.80 -10.27 -10.71 -11.10 -11.46 -11.79 -12.10 -12.38 -12.65 -12.91 -13.17 -13.43 -13.70 -13.99 -14.29 -14.61 -14.96 -15.33 -15.75 -16.17 -16.62 -17.10 -17.61 -18.14 -18.70 -19.29 -19.89 -20.51 -21.14 -21.79 -22.44 -23.09 -23.74 -24.37 -24.99 -25.59 -26.17 -26.71
19.62 18.67 17.74 16.82 15.91 15.01 14.11 13.21 12.31 11.48 10.58 9.68 8.76 7.84 6.91 5.98 5.04 4.10 3.16 2.22 1.29 0.37 -0.54 -1.43 -2.31 -3.17 -4.01 -4.82 -5.60 -6.36 -7.08 -7.77 -8.42 -9.04 -9.61 -10.14 -10.63 -11.09 -11.50 -11.87 -12.22 -12.53 -12.82 -13.08 -13.33 -13.58 -13.82 -14.06 -14.31 -14.58 -14.86 -15.16 -15.49 -15.86 -16.24 -16.64 -17.07 -17.53 -18.02 -18.54 -19.08 -19.65 -20.24 -20.86 -21.48 -22.16 -22.82 -23.47 -24.13 -24.78 -25.42 -26.03 -26.63 -27.19
17.85 16.85 15.88 14.93 13.99 13.07 12.16 11.26 10.36 9.48 8.62 7.73 6.85 5.96 5.08 4.19 3.31 2.42 1.54 0.67 -0.20 -1.06 -1.91 -2.75 -3.57 -4.38 -5.16 -5.93 -6.67 -7.38 -8.06 -8.71 -9.33 -9.92 -10.46 -10.97 -11.43 -11.86 -12.26 -12.61 -12.93 -13.23 -13.49 -13.75 -13.98 -14.20 -14.43 -14.65 -14.88 -15.13 -15.39 -15.71 -16.01 -16.34 -16.69 -17.08 -17.49 -17.93 -18.41 -18.91 -19.45 -20.02 -20.60 -21.21 -21.84 -22.48 -23.14 -23.80 -24.45 -25.11 -25.75 -26.38 -26.99 -27.57
