isostatic_correction.grd
DSAA
         641         601
    -3200.000000     3200.000000
    -3000.000000     3000.000000
     -412.474976      131.975433
[rows 33 to 65 of 601, columns 518 to 591 of 641]
-395.67 -395.28 -394.95 -394.67 -394.45 -394.29 -394.17 -394.09 -394.06 -394.07 -394.12 -394.20 -394.32 -394.46 -394.63 -394.82 -394.20 -394.43 -394.66 -394.89 -395.11 -395.33 -395.54 -395.73 -395.90 -396.04 -396.15 -396.23 -396.27 -396.27 -396.23 -396.14 -396.00 -395.81 -395.56 -395.26 -394.90 -394.50 -394.03 -393.52 -392.97 -392.39 -391.77 -391.14 -389.71 -389.03 -388.34 -387.65 -386.97 -386.31 -385.66 -385.05 -384.46 -383.90 -383.37 -382.87 -382.40 -381.96 -381.53 -381.12 -380.73 -380.35 -379.98 -379.61 -379.25 -378.90 -378.56 -378.23 -377.91 -376.77 -376.47 -376.18 -375.92 -375.68
-395.37 -394.99 -394.67 -394.39 -394.17 -394.00 -393.89 -393.81 -393.77 -393.78 -393.82 -393.89 -394.01 -394.15 -394.31 -394.50 -393.87 -394.10 -394.33 -394.56 -394.78 -394.99 -395.19 -395.38 -395.54 -395.67 -395.77 -395.83 -395.86 -395.84 -395.77 -395.66 -395.50 -395.29 -395.02 -394.70 -394.31 -393.88 -393.38 -392.85 -392.27 -391.65 -391.01 -390.34 -388.85 -388.14 -387.43 -386.71 -386.02 -385.33 -384.68 -384.05 -383.45 -382.90 -382.38 -381.88 -381.42 -381.00 -380.59 -380.21 -379.85 -379.50 -379.16 -378.84 -378.52 -378.22 -377.93 -377.65 -376.57 -376.31 -376.06 -375.83 -375.62 -375.42
-395.09 -394.72 -394.40 -394.14 -393.92 -393.75 -393.63 -393.55 -393.51 -393.51 -393.55 -393.62 -393.72 -393.86 -394.02 -393.35 -393.57 -393.80 -394.02 -394.25 -394.46 -394.67 -394.86 -395.04 -395.18 -395.30 -395.39 -395.44 -395.44 -395.41 -395.32 -395.19 -395.01 -394.77 -394.48 -394.13 -393.73 -393.26 -392.75 -392.19 -391.58 -390.94 -390.27 -389.57 -388.06 -387.32 -386.58 -385.84 -385.12 -384.43 -383.76 -383.12 -382.53 -381.97 -381.45 -380.96 -380.51 -380.09 -379.71 -379.35 -379.01 -378.69 -378.39 -378.11 -377.83 -377.57 -377.33 -377.10 -376.08 -375.87 -375.68 -375.50 -375.33 -375.17
-394.82 -394.47 -394.16 -393.90 -393.69 -393.52 -393.40 -393.33 -393.29 -393.28 -393.31 -393.37 -393.47 -393.60 -393.75 -393.09 -393.31 -393.52 -393.74 -393.96 -394.17 -394.37 -394.55 -394.71 -394.85 -394.95 -395.02 -395.05 -395.03 -394.98 -394.87 -394.72 -394.52 -394.27 -393.95 -393.58 -393.16 -392.67 -392.14 -391.56 -390.93 -390.27 -389.58 -388.08 -387.32 -386.56 -385.80 -385.04 -384.31 -383.60 -382.92 -382.28 -381.68 -381.12 -380.60 -380.11 -379.67 -379.27 -378.89 -378.56 -378.24 -377.95 -377.68 -377.42 -377.19 -376.96 -376.76 -375.79 -375.62 -375.47 -375.32 -375.19 -375.07 -374.96
-394.56 -394.23 -393.94 -393.69 -393.48 -393.32 -393.21 -393.13 -393.09 -393.08 -393.10 -393.16 -393.25 -393.37 -392.69 -392.88 -393.08 -393.29 -393.50 -393.71 -393.91 -394.09 -394.26 -394.40 -394.53 -394.61 -394.66 -394.67 -394.64 -394.56 -394.44 -394.27 -394.05 -393.78 -393.44 -393.06 -392.62 -392.12 -391.56 -390.97 -390.32 -389.64 -388.93 -387.44 -386.66 -385.88 -385.10 -384.33 -383.59 -382.86 -382.17 -381.53 -380.92 -380.36 -379.83 -379.35 -378.92 -378.52 -378.16 -377.83 -377.54 -377.27 -377.03 -376.80 -376.60 -376.41 -375.48 -375.34 -375.22 -375.10 -375.00 -374.91 -374.84 -374.76
-394.31 -394.00 -393.73 -393.49 -393.30 -393.15 -393.04 -392.96 -392.92 -392.91 -392.93 -392.98 -393.06 -393.17 -392.53 -392.70 -392.89 -393.09 -393.29 -393.48 -393.67 -393.84 -393.99 -394.12 -394.22 -394.29 -394.32 -394.31 -394.26 -394.17 -394.02 -393.84 -393.60 -393.31 -392.96 -392.56 -392.10 -391.59 -391.03 -390.42 -389.76 -389.07 -387.63 -386.86 -386.07 -385.28 -384.49 -383.71 -382.95 -382.22 -381.52 -380.87 -380.26 -379.70 -379.17 -378.69 -378.26 -377.87 -377.52 -377.20 -376.92 -376.67 -376.45 -376.25 -376.07 -375.91 -375.05 -374.94 -374.85 -374.78 -374.72 -374.67 -374.63 -374.60
-393.34 -393.03 -393.53 -393.32 -393.14 -393.00 -392.89 -392.82 -392.78 -392.77 -392.78 -392.83 -392.90 -392.26 -392.40 -392.56 -392.74 -392.92 -393.10 -393.28 -393.45 -393.61 -393.74 -393.85 -393.94 -393.99 -394.00 -393.97 -393.90 -393.79 -393.63 -393.43 -393.17 -392.87 -392.51 -392.09 -391.63 -391.11 -390.54 -389.91 -389.25 -388.55 -387.14 -386.36 -385.56 -384.76 -383.96 -383.17 -382.41 -381.67 -380.97 -380.31 -379.70 -379.14 -378.61 -378.14 -377.71 -377.32 -376.97 -376.66 -376.40 -376.16 -375.95 -375.77 -375.61 -375.48 -375.37 -374.60 -374.54 -374.50 -374.48 -374.46 -374.46 -374.45
-393.16 -392.89 -392.65 -393.15 -392.99 -392.86 -392.77 -391.98 -391.94 -391.93 -391.95 -392.00 -392.08 -392.18 -392.30 -392.45 -392.61 -392.78 -392.94 -393.11 -393.26 -393.40 -393.52 -393.61 -393.67 -393.70 -393.70 -393.65 -393.56 -393.43 -393.26 -393.04 -392.77 -392.46 -392.09 -391.67 -391.19 -390.67 -390.09 -389.46 -388.79 -387.48 -386.72 -385.93 -385.13 -384.32 -383.51 -382.72 -381.95 -381.21 -380.52 -379.86 -379.25 -378.68 -378.16 -377.68 -377.26 -376.87 -376.53 -376.22 -375.96 -375.73 -375.53 -375.36 -375.23 -375.11 -375.02 -374.32 -374.29 -374.27 -374.28 -374.29 -374.31 -374.34
-393.00 -392.75 -392.54 -392.35 -392.21 -392.09 -392.01 -391.95 -391.91 -391.91 -391.92 -391.96 -392.03 -392.12 -392.24 -392.36 -392.51 -392.66 -392.81 -392.95 -393.09 -393.21 -393.30 -393.38 -393.42 -393.43 -393.41 -393.34 -393.25 -393.10 -392.91 -392.68 -392.40 -392.07 -391.70 -391.27 -390.79 -390.26 -389.68 -389.06 -388.39 -387.12 -386.36 -385.57 -384.76 -383.96 -383.15 -382.35 -381.59 -380.85 -380.16 -379.50 -378.89 -378.33 -377.81 -377.34 -376.91 -376.52 -376.18 -375.88 -375.61 -375.39 -375.20 -375.04 -374.91 -374.81 -374.73 -374.10 -374.08 -374.09 -374.11 -374.14 -374.19 -374.24
-392.83 -392.62 -392.43 -392.27 -392.15 -392.05 -391.97 -391.93 -391.91 -391.90 -391.92 -391.95 -392.01 -392.09 -392.18 -392.30 -392.43 -392.55 -392.69 -392.81 -392.93 -393.03 -393.11 -393.16 -393.18 -393.18 -393.14 -393.06 -392.94 -392.78 -392.58 -392.34 -392.05 -391.72 -391.33 -390.91 -390.43 -389.90 -389.32 -388.69 -387.55 -386.82 -386.06 -385.27 -384.46 -383.66 -382.86 -382.07 -381.31 -380.58 -379.89 -379.24 -378.63 -378.07 -377.55 -377.08 -376.65 -376.26 -375.92 -375.62 -375.35 -375.13 -374.94 -374.79 -374.66 -374.57 -374.51 -373.93 -373.93 -373.95 -373.98 -374.03 -374.09 -374.15
-392.66 -392.47 -392.31 -392.19 -392.08 -392.01 -391.95 -391.92 -391.90 -391.90 -391.92 -391.95 -392.00 -392.07 -392.15 -392.25 -392.35 -392.46 -392.58 -392.68 -392.78 -392.86 -392.92 -392.95 -392.95 -392.93 -392.87 -392.78 -392.65 -392.48 -392.27 -392.01 -391.72 -391.38 -391.00 -390.58 -390.10 -389.57 -388.99 -387.98 -387.29 -386.57 -385.81 -385.03 -384.23 -383.43 -382.64 -381.86 -381.11 -380.39 -379.70 -379.05 -378.45 -377.89 -377.38 -376.91 -376.48 -376.09 -375.74 -375.43 -375.17 -374.94 -374.75 -374.60 -374.48 -374.39 -374.33 -373.81 -373.82 -373.84 -373.89 -373.95 -374.01 -374.09
-392.47 -392.32 -392.20 -392.10 -392.02 -391.96 -391.92 -391.90 -391.90 -391.91 -391.92 -391.96 -392.00 -392.05 -392.12 -392.20 -392.28 -392.37 -392.46 -392.55 -392.62 -392.68 -392.72 -392.74 -392.72 -392.68 -392.61 -392.51 -392.36 -392.19 -391.97 -391.71 -391.41 -391.07 -390.69 -390.27 -389.79 -389.27 -388.70 -387.75 -387.07 -386.35 -385.61 -384.84 -384.05 -383.26 -382.48 -381.71 -380.97 -380.26 -379.58 -378.95 -378.35 -377.79 -377.28 -376.81 -376.38 -375.99 -375.63 -375.32 -375.05 -374.82 -374.63 -374.47 -374.35 -374.26 -374.21 -373.74 -373.75 -373.78 -373.83 -373.89 -373.96 -374.03
-392.27 -392.15 -392.06 -391.99 -391.94 -391.90 -391.88 -391.88 -391.88 -391.90 -391.92 -391.95 -391.99 -392.03 -392.09 -392.15 -392.21 -392.28 -392.35 -392.41 -392.46 -392.50 -392.52 -392.52 -392.49 -392.43 -392.35 -392.23 -392.08 -391.89 -391.67 -391.41 -391.11 -390.77 -390.39 -389.97 -389.50 -388.99 -388.17 -387.55 -386.88 -386.17 -385.44 -384.68 -383.91 -383.13 -382.37 -381.62 -380.89 -380.19 -379.53 -378.90 -378.31 -377.76 -377.25 -376.78 -376.34 -375.95 -375.59 -375.28 -375.00 -374.76 -374.56 -374.40 -374.28 -374.19 -374.13 -373.71 -373.72 -373.75 -373.80 -373.86 -373.93 -373.99
-392.03 -391.96 -391.90 -391.86 -391.84 -391.82 -391.82 -391.83 -391.85 -391.87 -391.90 -391.92 -391.96 -392.00 -392.04 -392.08 -392.13 -392.17 -392.22 -392.26 -392.29 -392.31 -392.31 -392.29 -392.24 -392.18 -392.08 -391.96 -391.80 -391.60 -391.38 -391.11 -390.82 -390.48 -390.11 -389.69 -389.23 -388.73 -387.98 -387.36 -386.71 -386.02 -385.30 -384.55 -383.80 -383.04 -382.29 -381.56 -380.85 -380.17 -379.52 -378.91 -378.33 -377.78 -377.27 -376.80 -376.36 -375.96 -375.60 -375.28 -375.00 -374.75 -374.55 -374.38 -374.26 -374.17 -374.10 -373.73 -373.74 -373.76 -373.80 -373.86 -373.92 -373.97
-391.76 -391.72 -391.71 -391.70 -391.70 -391.71 -391.73 -391.76 -391.79 -391.82 -391.84 -391.87 -391.91 -391.93 -391.96 -391.99 -392.02 -392.05 -392.07 -392.09 -392.10 -392.10 -392.08 -392.04 -391.99 -391.91 -391.80 -391.66 -391.50 -391.30 -391.07 -390.82 -390.52 -390.19 -389.82 -389.41 -388.96 -388.33 -387.78 -387.18 -386.55 -385.87 -385.17 -384.45 -383.71 -382.97 -382.25 -381.53 -380.84 -380.18 -379.55 -378.94 -378.37 -377.83 -377.33 -376.86 -376.42 -376.02 -375.65 -375.32 -375.04 -374.79 -374.58 -374.41 -374.28 -374.18 -374.12 -373.79 -373.79 -373.81 -373.83 -373.87 -373.92 -373.96
-391.45 -391.45 -391.47 -391.49 -391.53 -391.56 -391.60 -391.64 -391.68 -391.72 -391.76 -391.79 -391.82 -391.84 -391.86 -391.88 -391.89 -391.90 -391.90 -391.90 -391.89 -391.87 -391.83 -391.78 -391.71 -391.61 -391.49 -391.35 -391.18 -390.99 -390.76 -390.50 -390.21 -389.89 -389.52 -389.13 -388.69 -388.12 -387.59 -387.00 -386.38 -385.73 -385.04 -384.34 -383.63 -382.91 -382.21 -381.52 -380.85 -380.21 -379.59 -379.01 -378.45 -377.91 -377.41 -376.95 -376.51 -376.11 -375.74 -375.41 -375.12 -374.87 -374.66 -374.48 -374.35 -374.25 -374.18 -373.88 -373.87 -373.88 -373.89 -373.92 -373.94 -373.97
-391.10 -391.14 -391.19 -391.24 -391.30 -391.36 -391.42 -391.48 -391.53 -391.58 -391.63 -391.66 -391.69 -391.71 -391.72 -391.72 -391.72 -391.72 -391.71 -391.68 -391.65 -391.61 -391.56 -391.49 -391.40 -391.30 -391.17 -391.02 -390.85 -390.65 -390.43 -390.17 -389.89 -389.57 -389.22 -388.83 -388.37 -387.89 -387.37 -386.80 -386.20 -385.57 -384.91 -384.23 -383.54 -382.85 -382.17 -381.51 -380.87 -380.24 -379.65 -379.08 -378.53 -378.01 -377.52 -377.06 -376.63 -376.23 -375.86 -375.54 -375.24 -374.99 -374.77 -374.60 -374.46 -374.35 -374.27 -374.01 -373.99 -373.98 -373.98 -373.98 -373.99 -373.99
-390.71 -390.78 -390.86 -390.94 -391.02 -391.11 -391.19 -391.27 -391.34 -391.40 -391.45 -391.49 -391.51 -391.53 -391.53 -391.53 -391.52 -391.50 -391.47 -391.44 -391.38 -391.33 -391.26 -391.17 -391.07 -390.95 -390.82 -390.66 -390.49 -390.29 -390.07 -389.82 -389.54 -389.23 -388.89 -388.53 -388.11 -387.64 -387.13 -386.59 -386.00 -385.39 -384.76 -384.10 -383.44 -382.78 -382.13 -381.49 -380.87 -380.27 -379.70 -379.15 -378.62 -378.11 -377.63 -377.18 -376.76 -376.36 -376.01 -375.68 -375.39 -375.14 -374.92 -374.75 -374.60 -374.49 -374.40 -374.17 -374.13 -374.10 -374.08 -374.06 -374.04 -374.02
-390.27 -390.37 -390.48 -390.59 -390.70 -390.80 -390.90 -390.99 -391.08 -391.15 -391.21 -391.26 -391.29 -391.30 -391.30 -391.29 -391.27 -391.24 -391.20 -391.14 -391.08 -391.01 -390.92 -390.82 -390.71 -390.58 -390.44 -390.28 -390.10 -389.91 -389.69 -389.44 -389.17 -388.87 -388.54 -388.22 -387.81 -387.36 -386.86 -386.34 -385.77 -385.18 -384.58 -383.95 -383.32 -382.69 -382.07 -381.45 -380.86 -380.29 -379.74 -379.21 -378.70 -378.22 -377.75 -377.31 -376.90 -376.52 -376.17 -375.85 -375.56 -375.32 -375.11 -374.92 -374.77 -374.65 -374.56 -374.35 -374.29 -374.25 -374.21 -374.16 -374.12 -374.07
-389.80 -389.92 -390.05 -390.18 -390.31 -390.44 -390.56 -390.67 -390.77 -390.85 -390.92 -390.97 -391.01 -391.02 -391.02 -391.00 -390.98 -390.93 -390.88 -390.81 -390.74 -390.65 -390.55 -390.44 -390.31 -390.18 -390.03 -389.87 -389.68 -389.49 -389.27 -389.03 -388.77 -388.47 -388.23 -387.87 -387.47 -387.04 -386.56 -386.05 -385.51 -384.95 -384.37 -383.77 -383.17 -382.57 -381.98 -381.40 -380.83 -380.29 -379.77 -379.26 -378.77 -378.31 -377.86 -377.44 -377.04 -376.67 -376.33 -376.03 -375.75 -375.51 -375.30 -375.12 -374.97 -374.84 -374.73 -374.56 -374.48 -374.41 -374.34 -374.28 -374.21 -374.13
-389.32 -389.42 -389.58 -389.73 -389.88 -390.02 -390.16 -390.29 -390.40 -390.50 -390.58 -390.64 -390.67 -390.69 -390.69 -390.66 -390.63 -390.58 -390.52 -390.44 -390.35 -390.25 -390.14 -390.02 -389.88 -389.74 -389.58 -389.42 -389.24 -389.04 -388.82 -388.59 -388.33 -388.04 -387.83 -387.48 -387.09 -386.67 -386.21 -385.72 -385.21 -384.67 -384.11 -383.55 -382.98 -382.41 -381.85 -381.31 -380.78 -380.26 -379.77 -379.29 -378.83 -378.38 -377.96 -377.56 -377.18 -376.83 -376.51 -376.21 -375.95 -375.72 -375.51 -375.34 -375.18 -375.05 -374.88 -374.78 -374.68 -374.59 -374.50 -374.40 -374.30 -374.20
-388.78 -388.95 -389.13 -389.22 -389.40 -389.56 -389.71 -389.85 -389.98 -390.09 -390.18 -390.24 -390.28 -390.30 -390.30 -390.27 -390.23 -390.18 -390.11 -390.02 -389.92 -389.81 -389.69 -389.56 -389.42 -389.27 -389.11 -388.94 -388.75 -388.55 -388.34 -388.11 -387.85 -387.69 -387.39 -387.05 -386.67 -386.26 -385.82 -385.35 -384.86 -384.35 -383.83 -383.29 -382.76 -382.22 -381.70 -381.18 -380.69 -380.21 -379.74 -379.29 -378.85 -378.44 -378.04 -377.67 -377.31 -376.98 -376.68 -376.40 -376.15 -375.93 -375.73 -375.56 -375.40 -375.27 -375.13 -375.01 -374.90 -374.78 -374.67 -374.55 -374.42 -374.29
-388.20 -388.39 -388.59 -388.79 -388.87 -389.05 -389.21 -389.37 -389.51 -389.63 -389.72 -389.80 -389.84 -389.86 -389.86 -389.83 -389.79 -389.73 -389.65 -389.56 -389.45 -389.33 -389.21 -389.07 -388.92 -388.76 -388.59 -388.42 -388.23 -388.04 -387.83 -387.60 -387.34 -387.20 -386.90 -386.57 -386.20 -385.81 -385.39 -384.94 -384.47 -383.98 -383.49 -382.99 -382.49 -381.99 -381.50 -381.02 -380.56 -380.11 -379.68 -379.26 -378.86 -378.47 -378.10 -377.76 -377.43 -377.12 -376.84 -376.58 -376.36 -376.14 -375.96 -375.79 -375.63 -375.49 -375.39 -375.25 -375.12 -374.99 -374.85 -374.70 -374.55 -374.38
-387.59 -387.80 -388.01 -388.22 -388.43 -388.50 -388.68 -388.84 -388.99 -389.12 -389.22 -389.30 -389.35 -389.37 -389.37 -389.34 -389.30 -389.23 -389.15 -389.05 -388.94 -388.82 -388.68 -388.54 -388.38 -388.22 -388.05 -387.87 -387.69 -387.49 -387.28 -387.04 -386.93 -386.66 -386.37 -386.04 -385.69 -385.31 -384.90 -384.47 -384.03 -383.57 -383.10 -382.64 -382.17 -381.71 -381.25 -380.82 -380.39 -379.97 -379.58 -379.19 -378.83 -378.48 -378.14 -377.82 -377.52 -377.25 -376.99 -376.76 -376.55 -376.36 -376.18 -376.02 -375.86 -375.71 -375.64 -375.50 -375.35 -375.19 -375.03 -374.86 -374.68 -374.49
-386.96 -387.18 -387.41 -387.63 -387.84 -388.05 -388.25 -388.28 -388.43 -388.57 -388.68 -388.76 -388.81 -388.84 -388.83 -388.81 -388.76 -388.70 -388.61 -388.51 -388.39 -388.26 -388.12 -387.98 -387.81 -387.65 -387.48 -387.29 -387.10 -386.90 -386.69 -386.46 -386.35 -386.08 -385.79 -385.47 -385.13 -384.76 -384.37 -383.96 -383.54 -383.11 -382.68 -382.24 -381.81 -381.38 -380.96 -380.56 -380.17 -379.80 -379.44 -379.09 -378.76 -378.44 -378.14 -377.86 -377.60 -377.35 -377.13 -376.92 -376.73 -376.55 -376.39 -376.23 -376.09 -375.94 -375.90 -375.74 -375.58 -375.40 -375.22 -375.03 -374.82 -374.61
-386.32 -386.55 -386.78 -387.01 -387.24 -387.45 -387.65 -387.84 -388.01 -387.99 -388.10 -388.18 -388.24 -388.26 -388.26 -388.24 -388.19 -388.12 -388.03 -387.93 -387.80 -387.68 -387.53 -387.38 -387.21 -387.04 -386.87 -386.69 -386.49 -386.29 -386.07 -385.98 -385.73 -385.46 -385.17 -384.86 -384.52 -384.17 -383.80 -383.41 -383.01 -382.61 -382.20 -381.79 -381.39 -381.00 -380.62 -380.26 -379.91 -379.57 -379.25 -378.95 -378.66 -378.38 -378.12 -377.87 -377.65 -377.43 -377.24 -377.06 -376.89 -376.73 -376.58 -376.44 -376.30 -376.15 -376.15 -375.98 -375.81 -375.62 -375.41 -375.19 -374.97 -374.73
-385.67 -385.91 -386.14 -386.38 -386.61 -386.83 -387.04 -387.23 -387.40 -387.54 -387.66 -387.58 -387.64 -387.66 -387.66 -387.63 -387.58 -387.51 -387.42 -387.31 -387.19 -387.06 -386.91 -386.75 -386.59 -386.42 -386.23 -386.04 -385.85 -385.64 -385.55 -385.32 -385.07 -384.80 -384.51 -384.21 -383.88 -383.54 -383.18 -382.81 -382.43 -382.06 -381.68 -381.30 -380.94 -380.58 -380.24 -379.91 -379.60 -379.30 -379.02 -378.76 -378.51 -378.27 -378.05 -377.85 -377.66 -377.49 -377.32 -377.17 -377.03 -376.89 -376.76 -376.63 -376.49 -376.35 -376.38 -376.21 -376.02 -375.81 -375.59 -375.36 -375.11 -374.84
-385.01 -385.26 -385.51 -385.75 -385.98 -386.20 -386.41 -386.61 -386.77 -386.92 -387.03 -387.12 -387.18 -387.20 -387.03 -387.00 -386.95 -386.87 -386.78 -386.67 -386.55 -386.41 -386.26 -386.10 -385.93 -385.76 -385.57 -385.38 -385.18 -385.09 -384.86 -384.63 -384.38 -384.11 -383.82 -383.52 -383.20 -382.86 -382.52 -382.17 -381.82 -381.46 -381.11 -380.76 -380.43 -380.11 -379.80 -379.51 -379.24 -378.99 -378.75 -378.52 -378.31 -378.13 -377.95 -377.78 -377.63 -377.50 -377.37 -377.25 -377.13 -377.02 -376.91 -376.79 -376.66 -376.74 -376.58 -376.41 -376.21 -376.00 -375.76 -375.51 -375.24 -374.96
-384.36 -384.62 -384.87 -385.12 -385.35 -385.58 -385.79 -385.97 -386.14 -386.28 -386.40 -386.48 -386.54 -386.55 -386.54 -386.50 -386.30 -386.22 -386.12 -386.01 -385.88 -385.74 -385.59 -385.43 -385.26 -385.18 -384.99 -384.80 -384.59 -384.38 -384.15 -383.91 -383.65 -383.38 -383.10 -382.80 -382.49 -382.17 -381.83 -381.50 -381.16 -380.83 -380.50 -380.19 -379.88 -379.60 -379.32 -379.07 -378.84 -378.62 -378.42 -378.24 -378.08 -377.93 -377.80 -377.67 -377.57 -377.47 -377.38 -377.28 -377.20 -377.11 -377.01 -376.91 -377.04 -376.91 -376.76 -376.58 -376.38 -376.16 -375.91 -375.64 -375.36 -375.06
-383.72 -383.98 -384.24 -384.49 -384.73 -384.95 -385.16 -385.35 -385.51 -385.65 -385.76 -385.84 -385.89 -385.90 -385.89 -385.84 -385.78 -385.69 -385.46 -385.35 -385.21 -385.07 -385.01 -384.85 -384.66 -384.47 -384.28 -384.07 -383.86 -383.64 -383.41 -383.17 -382.90 -382.64 -382.34 -382.05 -381.75 -381.43 -381.12 -380.80 -380.48 -380.17 -379.86 -379.58 -379.30 -379.04 -378.80 -378.59 -378.39 -378.22 -378.06 -377.92 -377.80 -377.69 -377.60 -377.52 -377.45 -377.39 -377.33 -377.27 -377.21 -377.15 -377.08 -377.26 -377.16 -377.04 -376.89 -376.72 -376.52 -376.29 -376.03 -375.75 -375.46 -375.14
-383.08 -383.35 -383.61 -383.87 -384.11 -384.33 -384.54 -384.73 -384.89 -385.02 -385.13 -385.21 -385.25 -385.26 -385.24 -385.18 -385.12 -385.02 -384.91 -384.78 -384.64 -384.48 -384.31 -384.13 -383.95 -383.75 -383.55 -383.33 -383.12 -382.89 -382.65 -382.40 -382.14 -381.86 -381.58 -381.28 -380.98 -380.68 -380.38 -380.07 -379.77 -379.48 -379.20 -378.93 -378.69 -378.46 -378.25 -378.07 -377.91 -377.77 -377.65 -377.55 -377.47 -377.41 -377.35 -377.31 -377.28 -377.26 -377.23 -377.20 -377.17 -377.13 -377.37 -377.31 -377.23 -377.12 -376.98 -376.81 -376.61 -376.38 -376.12 -375.84 -375.53 -375.21
-382.46 -382.73 -383.00 -383.26 -383.50 -383.72 -383.93 -384.11 -384.27 -384.40 -384.50 -384.58 -384.61 -384.61 -384.59 -384.54 -384.46 -384.36 -384.24 -384.10 -383.95 -383.79 -383.61 -383.42 -383.22 -383.01 -382.80 -382.58 -382.35 -382.11 -381.87 -381.62 -381.35 -381.07 -380.79 -380.50 -380.21 -379.91 -379.62 -379.33 -379.05 -378.77 -378.52 -378.27 -378.05 -377.85 -377.67 -377.52 -377.39 -377.29 -377.20 -377.15 -377.10 -377.08 -377.06 -377.06 -377.06 -377.07 -377.08 -377.08 -377.08 -377.06 -377.34 -377.30 -377.23 -377.14 -377.01 -376.85 -376.66 -376.43 -376.18 -375.89 -375.58 -375.25
-381.85 -382.13 -382.40 -382.66 -382.90 -383.12 -383.33 -383.51 -383.67 -383.79 -383.89 -383.96 -383.99 -383.99 -383.95 -383.90 -383.81 -383.70 -383.57 -383.43 -383.27 -383.09 -382.90 -382.70 -382.49 -382.27 -382.05 -381.82 -381.58 -381.33 -381.08 -380.82 -380.55 -380.28 -379.99 -379.71 -379.42 -379.14 -378.85 -378.58 -378.31 -378.06 -377.82 -377.59 -377.39 -377.21 -377.06 -376.94 -376.84 -376.77 -376.72 -376.70 -376.69 -376.70 -376.72 -376.75 -376.79 -376.83 -376.87 -376.90 -376.92 -377.25 -377.25 -377.23 -377.18 -377.10 -376.99 -376.84 -376.66 -376.44 -376.19 -375.91 -375.59 -375.26
