sed_model1.grd
DSAA
         561         521
    -2800.000000     2800.000000
    -2600.000000     2600.000000
   -3.000000E-03       20.010000
[rows 306 to 339 of 521, columns 0 to 76 of 561]
8.573 8.560 8.486 8.331 8.093 7.755 7.303 6.739 6.171 5.710 5.396 5.211 5.117 5.075 5.055 5.055 5.048 5.150 5.386 5.731 6.195 6.795 7.501 8.280 9.101 9.961 10.923 12.083 13.480 15.051 16.604 17.849 18.524 18.718 18.732 18.723 18.671 18.556 18.347 17.982 17.410 17.005 16.378 15.515 14.474 13.356 12.285 11.390 10.734 10.301 10.005 9.722 9.355 8.887 8.360 7.816 7.260 6.683 6.205 5.887 5.742 5.740 5.749 5.704 5.581 5.367 5.095 4.793 4.513 4.272 4.073 3.869 3.625 3.344 3.015 2.656 2.176
7.942 7.953 7.894 7.757 7.536 7.228 6.799 6.308 5.824 5.459 5.231 5.133 5.105 5.110 5.108 5.112 5.143 5.233 5.431 5.747 6.193 6.774 7.492 8.295 9.152 10.060 11.074 12.251 13.615 15.072 16.451 17.413 17.757 17.632 17.366 17.170 17.063 16.995 16.897 16.711 16.443 16.190 15.874 15.395 14.683 13.788 12.841 12.002 11.392 11.031 10.861 10.722 10.445 9.993 9.394 8.721 8.018 7.350 6.722 6.206 5.840 5.628 5.533 5.479 5.323 5.113 4.890 4.631 4.398 4.193 4.020 3.838 3.588 3.282 2.927 2.513 2.008
7.342 7.386 7.341 7.210 6.960 6.633 6.237 5.820 5.450 5.188 5.055 5.021 5.048 5.077 5.078 5.080 5.113 5.217 5.431 5.752 6.199 6.783 7.483 8.279 9.110 10.007 11.038 12.207 13.458 14.741 15.858 16.520 16.606 16.334 16.002 15.782 15.662 15.554 15.392 15.164 14.937 14.786 14.698 14.594 14.316 13.788 13.100 12.411 11.904 11.639 11.606 11.677 11.517 11.099 10.474 9.705 8.864 8.059 7.324 6.619 6.013 5.579 5.281 5.077 4.912 4.729 4.546 4.369 4.199 4.037 3.896 3.717 3.491 3.178 2.818 2.330 1.871
6.713 6.778 6.737 6.575 6.297 5.944 5.590 5.276 5.028 4.880 4.839 4.868 4.927 4.976 4.988 4.989 5.026 5.149 5.381 5.726 6.196 6.792 7.473 8.190 8.943 9.781 10.752 11.852 13.003 14.122 14.984 15.371 15.251 14.894 14.589 14.426 14.314 14.127 13.812 13.440 13.136 13.005 13.071 13.245 13.357 13.243 12.899 12.475 12.122 11.999 12.118 12.365 12.413 12.145 11.561 10.747 9.818 8.892 7.996 7.175 6.331 5.655 5.125 4.732 4.414 4.148 3.938 3.788 3.706 3.674 3.663 3.545 3.331 3.043 2.639 2.188 1.776
6.039 6.097 6.033 5.844 5.553 5.213 4.932 4.719 4.592 4.555 4.595 4.694 4.793 4.863 4.895 4.897 4.947 5.076 5.324 5.703 6.205 6.792 7.403 8.000 8.621 9.344 10.216 11.224 12.295 13.276 13.938 14.102 13.850 13.461 13.205 13.112 13.012 12.724 12.229 11.686 11.271 11.124 11.280 11.631 12.023 12.260 12.297 12.182 12.084 12.143 12.412 12.822 13.122 13.074 12.617 11.804 10.838 9.799 8.777 7.776 6.786 5.857 5.100 4.479 3.995 3.622 3.368 3.232 3.177 3.171 3.179 3.141 3.009 2.755 2.417 2.056 1.712
5.306 5.352 5.278 5.088 4.826 4.545 4.343 4.239 4.212 4.264 4.383 4.542 4.691 4.800 4.842 4.866 4.919 5.050 5.312 5.713 6.217 6.764 7.274 7.719 8.186 8.757 9.505 10.426 11.416 12.290 12.823 12.856 12.543 12.174 11.980 11.930 11.804 11.396 10.734 10.030 9.506 9.341 9.536 9.998 10.580 11.108 11.484 11.735 11.938 12.224 12.678 13.258 13.757 13.920 13.598 12.839 11.836 10.720 9.567 8.433 7.352 6.193 5.192 4.371 3.703 3.231 2.933 2.791 2.729 2.720 2.715 2.666 2.565 2.404 2.161 1.897 1.622
4.532 4.562 4.519 4.386 4.186 4.011 3.906 3.889 3.940 4.059 4.237 4.455 4.663 4.812 4.894 4.928 4.992 5.126 5.388 5.780 6.275 6.741 7.111 7.403 7.706 8.135 8.764 9.579 10.487 11.280 11.721 11.734 11.441 11.143 10.991 10.915 10.696 10.159 9.356 8.531 7.948 7.681 7.888 8.501 9.226 9.985 10.691 11.298 11.831 12.380 13.026 13.753 14.407 14.721 14.500 13.793 12.759 11.561 10.315 9.075 7.879 6.627 5.451 4.421 3.583 2.995 2.650 2.461 2.383 2.338 2.300 2.239 2.158 2.020 1.863 1.686 1.472
3.765 3.811 3.815 3.764 3.691 3.631 3.641 3.700 3.816 3.972 4.186 4.452 4.709 4.909 5.030 5.093 5.157 5.291 5.544 5.916 6.340 6.725 6.973 7.124 7.287 7.575 8.085 8.793 9.616 10.336 10.746 10.767 10.543 10.315 10.166 10.015 9.663 9.012 8.135 7.160 6.337 6.023 6.242 6.928 7.918 9.041 10.031 10.975 11.850 12.671 13.493 14.342 15.076 15.488 15.338 14.650 13.576 12.308 10.985 9.688 8.427 7.106 5.772 4.596 3.588 2.911 2.499 2.263 2.137 2.036 1.954 1.862 1.772 1.655 1.537 1.411 1.267
3.112 3.176 3.230 3.283 3.328 3.404 3.518 3.661 3.821 4.012 4.242 4.524 4.810 5.069 5.240 5.332 5.395 5.519 5.731 6.052 6.415 6.699 6.865 6.925 6.980 7.149 7.530 8.129 8.856 9.511 9.877 9.925 9.779 9.601 9.423 9.166 8.700 7.973 6.999 5.888 5.085 4.772 5.013 5.724 6.829 8.182 9.570 10.796 11.942 12.989 13.971 14.894 15.687 16.153 16.060 15.399 14.314 13.004 11.623 10.278 8.992 7.602 6.150 4.841 3.709 2.898 2.420 2.136 1.944 1.816 1.680 1.558 1.441 1.329 1.222 1.136 1.032
2.447 2.538 2.653 2.806 3.009 3.269 3.517 3.732 3.936 4.139 4.373 4.651 4.955 5.244 5.454 5.575 5.648 5.739 5.920 6.181 6.471 6.692 6.796 6.807 6.784 6.845 7.107 7.588 8.207 8.766 9.086 9.149 9.049 8.887 8.668 8.324 7.802 7.049 5.979 4.988 4.268 3.985 4.237 4.982 6.154 7.630 9.296 10.727 12.066 13.257 14.317 15.266 16.071 16.581 16.575 16.010 14.999 13.692 12.271 10.866 9.510 8.087 6.540 5.131 3.884 2.963 2.400 2.050 1.810 1.627 1.458 1.298 1.162 1.046 0.937 0.847 0.761
2.021 2.122 2.281 2.520 2.857 3.290 3.600 3.876 4.121 4.336 4.554 4.806 5.108 5.405 5.634 5.774 5.854 5.934 6.093 6.313 6.561 6.748 6.828 6.789 6.690 6.654 6.777 7.120 7.611 8.053 8.315 8.371 8.293 8.155 7.915 7.552 7.042 6.204 5.296 4.435 3.843 3.630 3.902 4.678 5.873 7.406 9.171 10.773 12.157 13.407 14.486 15.417 16.195 16.742 16.891 16.511 15.641 14.391 12.928 11.436 9.972 8.546 6.982 5.477 4.134 3.059 2.405 1.979 1.693 1.463 1.279 1.102 0.942 0.806 0.729 0.656 0.586
1.851 1.970 2.181 2.472 2.902 3.387 3.727 4.052 4.326 4.552 4.755 4.985 5.252 5.525 5.760 5.907 6.004 6.112 6.280 6.519 6.766 6.941 6.975 6.868 6.672 6.506 6.500 6.694 7.027 7.350 7.545 7.601 7.563 7.455 7.251 6.942 6.375 5.687 4.947 4.265 3.792 3.654 3.954 4.738 5.930 7.445 9.190 10.762 12.189 13.444 14.479 15.358 16.137 16.752 17.079 16.955 16.275 15.088 13.601 12.040 10.521 9.052 7.499 5.915 4.451 3.214 2.420 1.920 1.597 1.332 1.126 0.982 0.905 0.820 0.745 0.668 0.599
1.907 2.030 2.257 2.594 3.085 3.510 3.879 4.231 4.521 4.756 4.952 5.150 5.375 5.613 5.812 5.965 6.099 6.254 6.482 6.780 7.079 7.256 7.235 7.014 6.683 6.375 6.238 6.292 6.507 6.731 6.887 6.955 6.956 6.901 6.793 6.550 6.103 5.582 5.008 4.470 4.090 4.017 4.342 5.112 6.247 7.678 9.311 10.773 12.152 13.347 14.328 15.160 15.930 16.650 17.190 17.320 16.856 15.763 14.284 12.711 11.158 9.670 8.173 6.502 4.902 3.469 2.488 1.900 1.506 1.241 1.122 1.021 0.930 0.853 0.771 0.694 0.615
2.125 2.272 2.488 2.839 3.315 3.661 4.038 4.397 4.699 4.927 5.117 5.295 5.467 5.649 5.812 5.968 6.116 6.328 6.635 7.015 7.367 7.556 7.456 7.102 6.627 6.206 5.979 5.963 6.099 6.276 6.424 6.515 6.580 6.626 6.642 6.536 6.281 5.941 5.528 5.111 4.801 4.749 5.056 5.740 6.772 8.052 9.499 10.786 12.032 13.124 14.020 14.810 15.600 16.420 17.130 17.550 17.340 16.390 15.017 13.498 11.969 10.474 8.983 7.298 5.548 3.894 2.639 1.912 1.457 1.278 1.173 1.076 0.977 0.900 0.805 0.723 0.636
2.510 2.638 2.832 3.179 3.509 3.849 4.227 4.593 4.887 5.084 5.267 5.426 5.540 5.654 5.769 5.875 6.025 6.262 6.637 7.090 7.507 7.677 7.514 7.048 6.460 5.988 5.742 5.717 5.855 6.033 6.194 6.320 6.453 6.612 6.770 6.878 6.898 6.745 6.509 6.209 5.935 5.861 6.075 6.629 7.479 8.534 9.667 10.753 11.830 12.786 13.590 14.350 15.150 16.000 16.870 17.530 17.650 17.020 15.850 14.469 13.001 11.505 9.962 8.330 6.387 4.494 2.926 2.002 1.467 1.318 1.219 1.129 1.046 0.947 0.852 0.757 0.665
3.053 3.138 3.289 3.484 3.760 4.125 4.508 4.877 5.163 5.358 5.501 5.581 5.612 5.631 5.661 5.704 5.814 6.053 6.463 6.978 7.456 7.612 7.375 6.838 6.221 5.740 5.525 5.543 5.723 5.934 6.138 6.316 6.516 6.792 7.113 7.417 7.651 7.792 7.810 7.705 7.524 7.372 7.449 7.787 8.361 9.119 9.892 10.744 11.620 12.419 13.140 13.830 14.610 15.490 16.440 17.340 17.840 17.650 16.860 15.700 14.298 12.763 11.120 9.375 7.354 5.248 3.369 2.197 1.555 1.395 1.305 1.217 1.120 1.018 0.915 0.810 0.707
3.466 3.529 3.636 3.829 4.134 4.507 4.918 5.274 5.550 5.716 5.785 5.757 5.675 5.575 5.498 5.466 5.521 5.757 6.179 6.747 7.227 7.391 7.142 6.580 5.957 5.520 5.348 5.410 5.624 5.899 6.164 6.412 6.717 7.129 7.630 8.161 8.660 9.036 9.237 9.242 9.112 8.967 8.932 9.062 9.354 9.770 10.289 10.889 11.544 12.172 12.770 13.380 14.090 14.950 15.960 17.050 18.030 18.340 18.120 17.220 15.850 14.175 12.347 10.411 8.342 6.054 3.992 2.551 1.780 1.547 1.427 1.319 1.212 1.095 0.988 0.865 0.755
3.890 3.952 4.070 4.292 4.617 5.021 5.421 5.758 5.989 6.105 6.085 5.933 5.717 5.496 5.319 5.208 5.236 5.456 5.903 6.492 6.997 7.177 6.929 6.366 5.778 5.367 5.210 5.287 5.526 5.866 6.226 6.587 7.024 7.595 8.314 9.101 9.875 10.515 10.918 11.015 10.874 10.634 10.449 10.412 10.513 10.708 10.990 11.335 11.745 12.182 12.620 13.110 13.700 14.500 15.490 16.690 17.970 19.150 19.870 19.300 17.660 15.650 13.514 11.344 9.208 6.791 4.694 3.045 2.111 1.704 1.565 1.442 1.321 1.194 1.067 0.943 0.812
4.320 4.422 4.582 4.837 5.194 5.581 5.944 6.231 6.412 6.452 6.322 6.049 5.712 5.389 5.133 4.983 4.991 5.210 5.669 6.291 6.838 7.045 6.825 6.289 5.708 5.292 5.121 5.184 5.440 5.826 6.291 6.818 7.433 8.198 9.143 10.196 11.235 12.139 12.746 12.956 12.796 12.476 12.173 12.019 12.020 12.040 12.098 12.183 12.333 12.534 12.782 13.090 13.530 14.200 15.160 16.420 18.000 20.010 20.010 20.000 20.010 17.150 14.530 12.090 9.816 7.422 5.364 3.700 2.527 1.859 1.703 1.572 1.438 1.299 1.166 1.022 0.876
4.707 4.853 5.068 5.369 5.711 6.060 6.353 6.601 6.718 6.680 6.463 6.081 5.645 5.265 4.970 4.802 4.801 5.029 5.480 6.140 6.747 7.008 6.824 6.322 5.755 5.324 5.109 5.138 5.373 5.797 6.376 7.063 7.885 8.866 10.027 11.315 12.619 13.789 14.652 15.017 14.904 14.553 14.219 14.043 13.952 13.835 13.663 13.472 13.342 13.282 13.312 13.410 13.660 14.160 15.030 16.320 18.150 20.010 20.000 20.010 20.000 18.730 15.400 12.660 10.276 7.901 5.914 4.283 3.000 2.181 1.830 1.698 1.555 1.417 1.269 1.117 0.962
4.960 5.173 5.456 5.775 6.104 6.385 6.612 6.781 6.861 6.775 6.475 6.018 5.536 5.119 4.819 4.646 4.652 4.878 5.350 6.033 6.675 6.994 6.869 6.418 5.872 5.423 5.182 5.157 5.369 5.815 6.467 7.297 8.286 9.454 10.793 12.258 13.780 15.236 16.455 17.177 17.242 16.933 16.664 16.533 16.428 16.160 15.723 15.222 14.766 14.435 14.224 14.100 14.140 14.450 15.170 16.400 18.340 20.010 20.010 20.010 20.010 20.010 16.130 13.120 10.650 8.330 6.395 4.834 3.517 2.554 1.965 1.826 1.686 1.550 1.392 1.236 1.064
5.064 5.355 5.687 6.059 6.390 6.637 6.787 6.879 6.894 6.747 6.375 5.866 5.362 4.943 4.640 4.475 4.483 4.729 5.221 5.891 6.534 6.892 6.850 6.485 5.998 5.570 5.309 5.246 5.411 5.830 6.503 7.405 8.514 9.792 11.220 12.764 14.394 16.108 17.825 19.265 19.958 19.937 19.968 20.001 20.006 19.699 18.636 17.552 16.657 15.990 15.516 15.173 15.000 15.100 15.650 16.720 18.630 20.010 20.010 20.010 20.010 20.010 16.790 13.570 11.080 8.820 6.950 5.462 4.154 3.038 2.223 1.958 1.829 1.686 1.532 1.369 1.191
5.097 5.455 5.877 6.313 6.683 6.918 6.980 6.948 6.834 6.584 6.153 5.635 5.132 4.724 4.441 4.287 4.297 4.542 5.018 5.652 6.271 6.656 6.704 6.463 6.082 5.721 5.469 5.376 5.477 5.818 6.444 7.334 8.459 9.750 11.158 12.662 14.281 16.095 18.120 20.008 20.008 20.004 20.010 20.007 20.002 20.006 20.007 20.009 19.294 17.969 17.150 16.594 16.240 16.150 16.480 17.360 19.090 20.010 20.010 20.000 20.010 20.010 17.360 14.050 11.590 9.480 7.680 6.250 4.993 3.770 2.739 2.091 1.961 1.834 1.690 1.533 1.362
5.134 5.567 6.077 6.604 7.015 7.250 7.177 6.939 6.669 6.301 5.826 5.304 4.837 4.473 4.224 4.090 4.109 4.332 4.771 5.342 5.910 6.313 6.460 6.360 6.112 5.836 5.622 5.517 5.555 5.792 6.297 7.083 8.122 9.336 10.648 12.023 13.553 15.317 17.302 19.426 20.002 20.002 20.001 20.009 20.005 20.010 20.004 20.002 20.005 20.001 19.276 18.407 17.867 17.590 17.680 18.330 19.860 20.010 20.000 20.000 20.010 20.010 17.710 14.550 12.190 10.270 8.610 7.280 6.077 4.882 3.680 2.720 2.106 1.990 1.857 1.713 1.561
5.174 5.671 6.253 6.810 7.208 7.343 7.146 6.776 6.379 5.933 5.431 4.932 4.505 4.201 4.000 3.892 3.918 4.129 4.520 5.013 5.520 5.921 6.165 6.203 6.105 5.933 5.756 5.643 5.618 5.749 6.104 6.743 7.646 8.714 9.878 11.116 12.528 14.172 15.977 17.769 19.618 20.010 20.008 20.007 20.003 20.010 20.005 20.009 20.009 20.005 20.004 20.010 20.009 19.584 19.400 19.710 20.010 20.010 20.010 20.010 20.010 20.010 17.780 15.020 12.880 11.220 9.790 8.590 7.480 6.340 5.152 4.028 3.130 2.536 2.141 1.908 1.763
5.098 5.615 6.214 6.773 7.113 7.133 6.877 6.482 6.035 5.552 5.040 4.568 4.188 3.929 3.771 3.717 3.763 3.946 4.268 4.677 5.121 5.538 5.858 6.032 6.053 5.971 5.828 5.703 5.638 5.698 5.935 6.426 7.164 8.066 9.072 10.172 11.445 12.931 14.558 16.156 17.744 19.925 20.003 20.001 20.007 20.002 20.009 20.007 20.005 20.002 20.003 20.004 20.002 20.002 20.010 20.000 20.000 20.010 20.000 20.010 20.010 20.010 17.550 15.380 13.580 12.180 11.130 10.140 9.150 8.070 6.930 5.872 5.028 4.424 4.039 3.798 3.657
4.789 5.274 5.849 6.380 6.704 6.709 6.477 6.123 5.698 5.223 4.714 4.254 3.894 3.614 3.425 3.418 3.567 3.754 4.000 4.333 4.731 5.153 5.538 5.828 5.953 5.948 5.835 5.703 5.619 5.647 5.839 6.215 6.807 7.541 8.359 9.291 10.384 11.649 13.055 14.520 16.025 17.877 20.005 20.002 20.006 20.001 20.008 20.008 20.002 20.010 20.004 20.002 20.009 20.002 20.008 20.010 20.010 20.010 20.010 20.000 20.010 18.790 17.070 15.510 14.170 13.120 12.340 11.660 10.930 9.920 8.840 7.870 7.200 6.890 6.853 6.982 7.184
4.261 4.683 5.204 5.721 6.077 6.173 6.045 5.785 5.408 4.939 4.426 3.970 3.533 3.166 3.017 3.046 3.214 3.483 3.737 4.017 4.370 4.788 5.219 5.581 5.799 5.846 5.773 5.658 5.609 5.654 5.831 6.153 6.606 7.162 7.782 8.493 9.326 10.316 11.471 12.776 14.260 16.004 18.264 20.009 20.002 20.004 20.009 20.010 20.009 20.008 20.009 20.003 20.009 20.005 20.007 20.000 20.010 20.000 20.010 20.010 19.000 17.680 16.470 15.390 14.540 13.910 13.450 12.990 12.360 11.550 10.630 9.750 9.280 9.320 9.770 10.198 10.624
3.669 4.035 4.492 4.989 5.402 5.623 5.640 5.480 5.148 4.687 4.169 3.708 3.104 2.759 2.654 2.708 2.869 3.121 3.467 3.747 4.059 4.454 4.891 5.298 5.586 5.691 5.654 5.617 5.626 5.737 5.948 6.230 6.564 6.910 7.299 7.741 8.282 8.967 9.871 11.025 12.464 14.142 16.063 18.428 20.008 20.006 20.005 20.003 20.005 20.004 20.001 20.006 20.004 20.002 20.006 20.005 20.010 20.010 20.010 19.580 18.200 17.010 15.960 15.200 14.710 14.440 14.300 14.040 13.500 12.710 11.840 11.180 10.920 11.190 11.940 12.772 13.824
3.177 3.485 3.885 4.352 4.804 5.135 5.281 5.203 4.905 4.448 3.936 3.329 2.737 2.431 2.349 2.415 2.589 2.827 3.128 3.521 3.805 4.171 4.587 5.014 5.349 5.513 5.539 5.608 5.698 5.889 6.139 6.401 6.603 6.746 6.873 7.033 7.284 7.706 8.387 9.400 10.762 12.374 14.137 16.021 18.179 20.001 20.001 20.009 20.010 20.010 20.008 20.006 20.006 20.005 20.009 20.007 20.000 20.010 20.000 18.980 17.640 16.600 15.620 15.020 14.760 14.740 14.780 14.640 14.150 13.350 12.510 11.930 11.780 12.180 13.160 14.680 16.782
2.713 3.080 3.439 3.881 4.356 4.757 4.983 4.966 4.689 4.235 3.726 3.013 2.454 2.175 2.102 2.186 2.354 2.583 2.841 3.180 3.559 3.889 4.290 4.732 5.127 5.400 5.544 5.665 5.833 6.106 6.402 6.617 6.683 6.610 6.482 6.386 6.406 6.629 7.134 8.040 9.325 10.851 12.488 14.154 15.841 17.648 19.947 20.006 20.005 20.007 20.001 20.001 20.009 20.004 20.004 20.000 20.008 20.008 20.000 18.390 17.100 16.150 15.400 14.970 14.830 14.870 14.920 14.750 14.220 13.420 12.680 12.220 12.190 12.690 13.860 15.880 19.493
2.405 2.735 3.133 3.556 4.048 4.487 4.772 4.792 4.522 4.057 3.549 2.770 2.257 2.007 1.932 2.012 2.169 2.349 2.548 2.806 3.202 3.589 3.977 4.438 4.897 5.271 5.536 5.752 6.025 6.357 6.673 6.830 6.737 6.455 6.106 5.831 5.697 5.786 6.208 7.033 8.226 9.648 11.160 12.660 14.120 15.557 17.010 18.489 20.005 20.000 20.008 20.001 20.010 20.006 20.006 20.010 20.009 20.009 19.690 17.890 16.740 15.940 15.450 15.150 15.030 14.980 14.880 14.570 13.970 13.260 12.620 12.320 12.500 13.020 14.300 16.650 20.004
2.276 2.544 2.931 3.358 3.859 4.333 4.640 4.663 4.396 3.925 3.414 2.626 2.133 1.900 1.824 1.878 1.985 2.108 2.249 2.438 2.736 3.233 3.670 4.130 4.641 5.111 5.498 5.846 6.218 6.618 6.934 7.011 6.767 6.303 5.790 5.401 5.205 5.247 5.650 6.406 7.507 8.796 10.154 11.502 12.809 14.076 15.289 16.455 17.730 19.603 20.010 20.002 20.003 20.000 20.005 20.005 20.008 20.002 19.324 17.689 16.700 16.120 15.830 15.630 15.460 15.220 14.920 14.490 13.910 13.290 12.800 12.600 12.820 13.500 14.900 17.450 20.010
2.253 2.493 2.849 3.265 3.762 4.241 4.563 4.592 4.312 3.828 3.306 2.531 2.067 1.853 1.769 1.775 1.829 1.888 1.964 2.098 2.339 2.759 3.378 3.827 4.352 4.904 5.412 5.905 6.399 6.861 7.166 7.152 6.776 6.169 5.569 5.142 4.949 5.007 5.448 6.152 7.130 8.257 9.443 10.660 11.869 13.041 14.134 15.177 16.278 17.668 19.901 20.000 20.004 20.000 20.004 20.003 20.006 20.009 19.270 17.859 17.059 16.749 16.670 16.570 16.320 15.900 15.450 14.970 14.510 14.040 13.680 13.570 13.840 14.610 16.140 19.180 20.002
