sed_model1.grd
DSAA
         561         521
    -2800.000000     2800.000000
    -2600.000000     2600.000000
   -3.000000E-03       20.010000
[rows 68 to 101 of 521, columns 231 to 307 of 561]
1.013 1.012 0.987 0.935 0.876 0.803 0.731 0.668 0.603 0.541 0.474 0.422 0.362 0.321 0.275 0.245 0.220 0.211 0.207 0.225 0.253 0.280 0.315 0.346 0.386 0.410 0.430 0.449 0.465 0.482 0.482 0.482 0.774 1.400 2.335 3.279 4.394 5.513 6.377 6.801 6.912 6.944 6.978 7.209 7.770 9.023 11.462 16.209 20.002 20.008 20.002 20.004 20.001 20.001 20.008 20.004 20.005 17.361 10.748 7.795 6.591 6.643 7.668 9.608 12.597 17.842 20.007 20.008 20.001 20.009 20.001 15.852 9.520 5.602 3.755 3.247 3.504
1.112 1.118 1.079 1.028 0.952 0.861 0.784 0.707 0.638 0.566 0.502 0.441 0.388 0.341 0.296 0.263 0.240 0.232 0.231 0.241 0.271 0.308 0.337 0.369 0.406 0.428 0.447 0.474 0.484 0.498 0.502 0.488 0.654 1.269 2.204 3.133 4.249 5.492 6.629 7.428 7.955 8.344 8.703 9.173 9.944 11.438 14.457 20.009 20.001 20.002 20.002 20.009 20.001 20.008 20.005 20.002 20.005 20.003 12.992 9.781 8.717 9.097 10.620 13.245 17.709 20.009 20.009 20.008 20.009 20.010 20.006 13.764 8.812 5.483 3.843 3.316 3.392
1.212 1.220 1.181 1.115 1.025 0.917 0.839 0.754 0.673 0.599 0.533 0.464 0.404 0.351 0.310 0.280 0.258 0.243 0.247 0.257 0.287 0.327 0.362 0.389 0.423 0.459 0.482 0.488 0.505 0.515 0.517 0.511 0.611 1.187 2.128 3.006 4.065 5.300 6.601 7.740 8.721 9.558 10.320 11.189 12.338 14.397 19.680 20.003 20.005 20.004 20.001 20.006 20.007 20.004 20.001 20.001 20.008 20.009 17.081 12.742 11.559 12.089 13.918 17.188 20.006 20.010 20.005 20.010 20.009 20.010 16.321 11.274 7.571 4.930 3.575 3.026 2.870
1.310 1.304 1.271 1.195 1.096 0.986 0.890 0.798 0.713 0.632 0.549 0.477 0.420 0.369 0.322 0.292 0.270 0.254 0.264 0.276 0.300 0.335 0.373 0.418 0.453 0.480 0.505 0.517 0.530 0.537 0.540 0.530 0.590 1.116 2.022 2.838 3.778 4.906 6.255 7.639 9.016 10.307 11.569 12.956 14.769 18.253 20.002 20.008 20.001 20.001 20.010 20.006 20.009 20.009 20.000 20.004 20.006 20.003 20.000 17.364 15.152 15.321 16.807 19.712 20.003 20.009 20.008 20.006 20.003 15.753 12.096 8.734 5.817 3.880 2.839 2.296 1.996
1.393 1.390 1.347 1.268 1.159 1.045 0.944 0.836 0.742 0.659 0.573 0.490 0.431 0.377 0.333 0.301 0.272 0.257 0.273 0.293 0.316 0.358 0.398 0.440 0.481 0.504 0.528 0.547 0.552 0.562 0.565 0.551 0.572 1.044 1.815 2.607 3.418 4.416 5.694 7.215 8.851 10.532 12.243 14.166 16.892 20.005 20.003 20.001 20.008 20.004 20.007 20.009 20.008 20.003 20.001 20.002 20.003 20.007 20.001 20.010 20.001 17.909 17.362 16.979 16.482 15.918 15.338 14.519 13.201 11.259 8.792 6.105 3.949 2.634 1.826 1.326 0.978
1.457 1.459 1.423 1.339 1.224 1.099 0.988 0.876 0.775 0.683 0.590 0.507 0.434 0.383 0.336 0.300 0.276 0.263 0.269 0.293 0.336 0.379 0.426 0.464 0.504 0.533 0.635 0.653 0.577 0.586 0.585 0.577 0.611 0.990 1.643 2.393 3.081 3.962 5.137 6.699 8.493 10.359 12.346 14.622 18.075 20.006 20.003 20.005 20.008 20.001 20.003 20.005 20.003 20.007 20.003 20.005 20.006 20.010 20.003 20.010 20.004 17.752 15.080 13.240 11.862 10.947 10.385 9.917 9.121 7.726 5.716 3.776 2.400 1.445 0.806 0.286 0.229
1.508 1.521 1.470 1.389 1.273 1.142 1.029 0.915 0.804 0.706 0.604 0.515 0.445 0.389 0.345 0.311 0.278 0.270 0.272 0.304 0.341 0.390 0.437 0.490 0.542 0.594 0.698 0.742 0.680 0.599 0.616 0.590 0.712 1.044 1.585 2.282 2.886 3.694 4.833 6.372 8.171 10.075 12.098 14.412 17.857 20.004 20.004 20.010 20.001 20.004 20.008 20.001 20.002 20.008 20.005 20.008 20.002 20.008 20.002 20.007 20.007 15.265 12.168 9.928 8.319 7.321 6.766 6.356 5.712 4.642 3.349 2.155 1.196 0.415 0.208 0.218 0.240
1.541 1.560 1.522 1.443 1.322 1.193 1.062 0.942 0.837 0.721 0.619 0.523 0.451 0.408 0.367 0.333 0.300 0.265 0.268 0.312 0.357 0.398 0.452 0.506 0.561 0.643 0.724 0.763 0.745 0.695 0.675 0.719 0.881 1.183 1.669 2.297 2.897 3.711 4.868 6.413 8.160 9.945 11.829 13.918 16.907 20.006 20.008 20.009 20.008 20.003 20.001 20.010 20.005 20.004 20.003 20.010 20.008 20.008 20.004 20.008 16.943 12.491 9.519 7.260 5.648 4.715 4.216 3.844 3.361 2.665 1.829 0.993 0.202 0.200 0.211 0.229 0.240
1.579 1.599 1.569 1.478 1.368 1.227 1.092 0.978 0.861 0.752 0.643 0.549 0.481 0.435 0.386 0.349 0.323 0.299 0.299 0.328 0.369 0.431 0.503 0.560 0.612 0.676 0.729 0.763 0.761 0.757 0.781 0.883 1.062 1.373 1.854 2.406 2.994 3.849 5.134 6.727 8.404 10.033 11.721 13.498 15.952 20.009 20.007 20.003 20.002 20.000 20.004 20.008 20.010 20.004 20.007 20.008 20.010 20.005 20.003 18.547 13.258 9.946 7.319 5.270 3.984 3.237 2.773 2.388 1.955 1.404 0.773 0.174 0.190 0.206 0.215 0.231 0.249
1.655 1.628 1.601 1.522 1.407 1.261 1.120 1.006 0.891 0.790 0.686 0.589 0.517 0.469 0.415 0.377 0.350 0.340 0.339 0.352 0.416 0.535 0.619 0.655 0.677 0.718 0.752 0.761 0.766 0.788 0.868 1.007 1.234 1.551 2.023 2.472 3.039 3.946 5.282 6.980 8.656 10.384 11.884 13.298 15.317 18.240 20.001 20.004 20.003 20.006 20.006 20.008 20.006 20.005 20.002 20.008 20.005 20.005 16.376 12.829 10.096 7.685 5.542 3.993 2.994 2.332 1.854 1.445 1.013 0.495 0.180 0.187 0.200 0.213 0.230 0.242 0.246
1.731 1.648 1.627 1.554 1.439 1.306 1.151 1.039 0.929 0.818 0.728 0.638 0.559 0.499 0.449 0.416 0.383 0.355 0.361 0.370 0.464 0.598 0.681 0.724 0.754 0.771 0.788 0.777 0.791 0.824 0.937 1.112 1.357 1.657 2.037 2.391 2.903 3.757 5.128 6.968 8.776 10.316 11.702 13.185 14.888 17.029 20.001 20.004 20.003 20.010 20.007 20.007 20.003 20.008 20.008 19.178 14.831 12.295 10.388 8.761 7.202 5.621 4.203 3.114 2.302 1.686 1.194 0.743 0.272 0.188 0.188 0.191 0.202 0.222 0.234 0.244 0.253
1.830 1.672 1.650 1.577 1.474 1.337 1.186 1.064 0.961 0.858 0.764 0.674 0.601 0.536 0.484 0.450 0.417 0.381 0.372 0.394 0.430 0.595 0.695 0.749 0.795 0.818 0.843 0.843 0.849 0.899 1.013 1.201 1.423 1.651 1.878 2.169 2.555 3.265 4.502 6.336 8.303 9.962 11.410 12.857 14.425 16.112 17.602 18.596 18.954 19.464 20.008 20.005 19.838 16.628 13.601 10.986 8.882 7.329 6.244 5.466 4.772 4.011 3.198 2.420 1.746 1.157 0.592 0.230 0.211 0.202 0.197 0.207 0.213 0.230 0.239 0.244 0.259
1.934 1.682 1.671 1.601 1.503 1.365 1.215 1.092 0.996 0.892 0.796 0.718 0.645 0.572 0.518 0.480 0.435 0.409 0.393 0.392 0.403 0.507 0.640 0.718 0.794 0.860 0.903 0.924 0.937 0.998 1.104 1.278 1.440 1.565 1.643 1.792 2.131 2.666 3.635 5.184 7.149 8.947 10.513 12.040 13.592 15.069 16.018 15.899 15.254 14.590 14.136 13.855 12.965 11.299 9.123 7.028 5.347 4.316 3.771 3.480 3.240 2.899 2.401 1.834 1.191 0.600 0.283 0.242 0.217 0.213 0.205 0.211 0.224 0.228 0.243 0.254 0.265
2.068 1.831 1.681 1.625 1.525 1.390 1.246 1.126 1.021 0.918 0.825 0.746 0.674 0.607 0.542 0.504 0.463 0.419 0.410 0.405 0.407 0.422 0.535 0.672 0.780 0.871 0.949 1.006 1.050 1.119 1.228 1.356 1.455 1.498 1.472 1.468 1.650 2.127 2.817 3.929 5.526 7.340 9.022 10.671 12.288 13.747 14.497 14.231 13.359 12.226 11.467 10.840 9.896 8.430 6.548 4.870 3.721 3.029 2.652 2.467 2.340 2.129 1.758 1.194 0.661 0.341 0.297 0.258 0.228 0.222 0.220 0.223 0.224 0.234 0.247 0.263 0.270
2.234 2.058 1.792 1.641 1.541 1.412 1.272 1.146 1.049 0.957 0.858 0.778 0.702 0.633 0.569 0.522 0.479 0.442 0.420 0.406 0.407 0.422 0.439 0.577 0.733 0.868 0.981 1.071 1.163 1.249 1.344 1.436 1.499 1.479 1.405 1.328 1.366 1.652 2.195 2.954 4.060 5.530 7.229 8.955 10.695 12.235 13.080 12.965 12.091 10.979 9.981 9.102 8.102 6.756 5.226 3.972 3.091 2.496 2.145 1.934 1.699 1.417 1.072 0.664 0.395 0.350 0.308 0.265 0.243 0.225 0.221 0.233 0.232 0.240 0.259 0.262 0.264
2.405 2.309 2.084 1.760 1.553 1.431 1.290 1.155 1.060 0.971 0.874 0.798 0.720 0.655 0.595 0.538 0.487 0.447 0.424 0.409 0.415 0.418 0.434 0.521 0.675 0.829 0.975 1.109 1.232 1.352 1.450 1.536 1.572 1.559 1.472 1.356 1.288 1.366 1.752 2.266 3.012 4.049 5.418 7.094 8.920 10.620 11.776 12.049 11.476 10.461 9.324 8.195 7.080 5.800 4.568 3.580 2.834 2.272 1.883 1.494 1.189 0.916 0.629 0.449 0.408 0.360 0.316 0.272 0.250 0.232 0.228 0.239 0.237 0.253 0.261 0.270 0.269
2.544 2.553 2.389 2.084 1.701 1.449 1.314 1.169 1.065 0.989 0.890 0.815 0.752 0.680 0.611 0.555 0.503 0.450 0.423 0.408 0.408 0.416 0.435 0.456 0.629 0.786 0.934 1.092 1.255 1.410 1.534 1.612 1.669 1.700 1.659 1.528 1.378 1.298 1.394 1.795 2.290 3.023 3.983 5.275 7.130 8.985 10.458 11.248 11.175 10.364 9.120 7.748 6.404 5.140 4.092 3.283 2.615 2.084 1.634 1.163 0.847 0.583 0.486 0.447 0.407 0.359 0.319 0.277 0.247 0.242 0.239 0.241 0.249 0.255 0.270 0.267 0.274
2.646 2.756 2.701 2.424 2.016 1.584 1.336 1.198 1.075 0.995 0.928 0.824 0.764 0.697 0.627 0.569 0.513 0.447 0.408 0.392 0.402 0.416 0.435 0.455 0.552 0.720 0.859 1.034 1.230 1.400 1.549 1.660 1.768 1.862 1.903 1.787 1.565 1.332 1.229 1.371 1.768 2.291 3.024 4.018 5.527 7.349 9.032 10.299 10.769 10.265 9.119 7.477 5.862 4.560 3.605 2.897 2.306 1.810 1.287 0.862 0.573 0.488 0.472 0.445 0.399 0.358 0.313 0.277 0.254 0.242 0.243 0.247 0.256 0.262 0.268 0.274 0.279
2.713 2.900 2.953 2.753 2.349 1.879 1.416 1.208 1.088 1.001 0.916 0.839 0.772 0.702 0.642 0.576 0.516 0.458 0.408 0.396 0.407 0.414 0.431 0.448 0.466 0.618 0.770 0.942 1.141 1.342 1.500 1.652 1.804 1.993 2.067 2.012 1.770 1.402 1.143 1.094 1.315 1.755 2.331 3.134 4.257 5.741 7.456 8.918 9.792 9.675 8.622 7.017 5.313 4.022 3.118 2.477 1.940 1.476 0.935 0.575 0.472 0.475 0.461 0.429 0.391 0.348 0.312 0.275 0.250 0.244 0.239 0.247 0.259 0.266 0.273 0.278 0.282
2.699 2.957 3.102 2.997 2.666 2.177 1.663 1.230 1.104 1.006 0.929 0.848 0.786 0.715 0.645 0.591 0.530 0.474 0.433 0.420 0.412 0.421 0.426 0.442 0.446 0.498 0.655 0.839 1.040 1.230 1.397 1.570 1.775 1.986 2.103 2.109 1.935 1.502 1.117 0.919 0.951 1.271 1.766 2.408 3.273 4.388 5.854 7.326 8.433 8.684 7.928 6.410 4.798 3.581 2.706 2.076 1.579 1.055 0.615 0.436 0.458 0.460 0.449 0.414 0.376 0.334 0.301 0.266 0.250 0.241 0.241 0.253 0.258 0.267 0.274 0.280 0.284
2.623 2.902 3.113 3.120 2.881 2.445 1.904 1.360 1.120 1.021 0.931 0.859 0.792 0.723 0.663 0.603 0.545 0.495 0.460 0.427 0.424 0.423 0.420 0.429 0.430 0.441 0.545 0.721 0.906 1.084 1.250 1.425 1.657 1.923 2.077 2.125 1.982 1.615 1.159 0.840 0.722 0.860 1.281 1.819 2.509 3.371 4.513 5.833 7.049 7.585 7.163 5.924 4.467 3.279 2.407 1.766 1.267 0.721 0.389 0.411 0.436 0.437 0.421 0.395 0.359 0.321 0.292 0.260 0.245 0.244 0.240 0.246 0.255 0.266 0.274 0.280 0.285
2.474 2.746 2.996 3.111 2.995 2.644 2.117 1.535 1.136 1.025 0.943 0.870 0.796 0.736 0.675 0.614 0.561 0.523 0.475 0.447 0.434 0.417 0.420 0.425 0.427 0.423 0.442 0.592 0.747 0.912 1.075 1.261 1.497 1.797 1.999 2.086 2.009 1.718 1.233 0.843 0.622 0.613 0.836 1.359 1.928 2.654 3.587 4.706 5.869 6.625 6.527 5.591 4.283 3.129 2.231 1.550 0.978 0.448 0.364 0.394 0.413 0.413 0.402 0.376 0.344 0.312 0.279 0.252 0.239 0.235 0.238 0.249 0.261 0.275 0.284 0.290 0.295
2.297 2.542 2.814 2.984 3.000 2.774 2.304 1.717 1.138 1.039 0.959 0.878 0.811 0.746 0.684 0.625 0.579 0.530 0.493 0.469 0.440 0.432 0.420 0.416 0.418 0.412 0.413 0.448 0.590 0.738 0.902 1.080 1.330 1.634 1.893 2.025 2.003 1.815 1.383 0.931 0.626 0.511 0.593 0.920 1.490 2.111 2.923 3.910 5.019 5.915 6.117 5.461 4.300 3.130 2.165 1.411 0.746 0.310 0.341 0.361 0.382 0.381 0.376 0.353 0.326 0.291 0.265 0.253 0.242 0.237 0.246 0.252 0.257 0.274 0.284 0.291 0.296
2.092 2.343 2.620 2.860 2.956 2.856 2.475 1.895 1.299 1.055 0.978 0.893 0.818 0.745 0.693 0.643 0.595 0.553 0.515 0.485 0.454 0.439 0.417 0.412 0.398 0.392 0.397 0.393 0.435 0.581 0.755 0.966 1.219 1.509 1.803 1.969 2.009 1.892 1.572 1.101 0.724 0.506 0.476 0.657 1.086 1.697 2.409 3.294 4.330 5.305 5.758 5.384 4.369 3.193 2.149 1.313 0.552 0.292 0.317 0.335 0.350 0.358 0.341 0.329 0.308 0.282 0.263 0.237 0.238 0.231 0.237 0.247 0.266 0.274 0.286 0.292 0.299
1.928 2.168 2.454 2.742 2.936 2.933 2.641 2.101 1.499 1.063 0.986 0.908 0.833 0.757 0.699 0.652 0.601 0.568 0.525 0.496 0.464 0.445 0.429 0.409 0.392 0.382 0.378 0.385 0.388 0.457 0.651 0.878 1.156 1.462 1.758 1.935 2.014 1.946 1.750 1.301 0.873 0.567 0.439 0.516 0.803 1.366 1.950 2.705 3.612 4.546 5.118 4.986 4.211 3.129 2.077 1.189 0.382 0.276 0.297 0.313 0.321 0.330 0.319 0.301 0.287 0.268 0.247 0.237 0.229 0.240 0.242 0.256 0.267 0.277 0.289 0.296 0.303
1.798 2.051 2.360 2.682 2.943 3.033 2.822 2.322 1.698 1.131 0.997 0.925 0.849 0.774 0.706 0.656 0.621 0.575 0.546 0.513 0.483 0.452 0.429 0.407 0.385 0.380 0.373 0.375 0.375 0.383 0.578 0.847 1.149 1.459 1.750 1.917 2.005 1.977 1.825 1.446 1.012 0.670 0.475 0.458 0.630 0.988 1.528 2.112 2.829 3.574 4.122 4.133 3.637 2.790 1.871 1.020 0.239 0.257 0.274 0.289 0.301 0.299 0.297 0.281 0.273 0.252 0.239 0.234 0.227 0.235 0.242 0.260 0.273 0.284 0.295 0.302 0.308
1.709 1.993 2.329 2.672 2.987 3.151 3.019 2.551 1.926 1.322 1.001 0.934 0.865 0.794 0.730 0.675 0.636 0.608 0.556 0.548 0.490 0.461 0.433 0.408 0.381 0.369 0.366 0.365 0.374 0.379 0.529 0.830 1.148 1.500 1.768 1.919 1.993 1.969 1.823 1.499 1.092 0.764 0.549 0.476 0.523 0.722 1.085 1.537 2.062 2.615 2.978 3.121 2.840 2.249 1.532 0.781 0.226 0.240 0.254 0.268 0.274 0.284 0.279 0.266 0.254 0.250 0.243 0.232 0.234 0.239 0.249 0.260 0.273 0.285 0.295 0.301 0.306
1.672 1.972 2.335 2.723 3.071 3.278 3.195 2.768 2.152 1.532 1.016 0.946 0.884 0.816 0.755 0.691 0.650 0.619 0.576 0.559 0.529 0.495 0.459 0.414 0.388 0.358 0.356 0.363 0.371 0.383 0.495 0.789 1.133 1.511 1.786 1.929 1.986 1.936 1.786 1.462 1.119 0.828 0.621 0.520 0.463 0.501 0.674 1.003 1.418 1.754 2.117 2.270 2.107 1.707 1.165 0.514 0.217 0.229 0.240 0.256 0.257 0.268 0.259 0.259 0.252 0.243 0.241 0.232 0.242 0.242 0.256 0.267 0.281 0.291 0.300 0.314 0.317
1.662 1.960 2.346 2.768 3.156 3.384 3.349 2.973 2.367 1.722 1.154 0.960 0.892 0.829 0.771 0.710 0.669 0.632 0.590 0.565 0.539 0.501 0.466 0.436 0.399 0.360 0.361 0.371 0.384 0.392 0.439 0.732 1.102 1.506 1.801 1.948 1.968 1.890 1.700 1.403 1.116 0.859 0.677 0.530 0.406 0.355 0.392 0.574 0.917 1.283 1.567 1.685 1.586 1.302 0.891 0.332 0.216 0.227 0.239 0.247 0.254 0.256 0.254 0.254 0.250 0.245 0.246 0.237 0.244 0.257 0.261 0.283 0.295 0.303 0.309 0.321 0.321
1.628 1.944 2.344 2.788 3.204 3.472 3.453 3.108 2.552 1.902 1.322 0.964 0.903 0.844 0.786 0.729 0.683 0.650 0.613 0.582 0.551 0.517 0.489 0.452 0.427 0.401 0.390 0.396 0.407 0.413 0.423 0.713 1.084 1.498 1.825 1.960 1.968 1.860 1.665 1.373 1.108 0.881 0.686 0.512 0.373 0.340 0.308 0.311 0.565 0.925 1.203 1.322 1.279 1.071 0.722 0.258 0.214 0.226 0.230 0.242 0.247 0.250 0.256 0.255 0.253 0.250 0.252 0.251 0.262 0.266 0.280 0.289 0.298 0.311 0.324 0.322 0.329
1.575 1.893 2.298 2.754 3.217 3.493 3.511 3.214 2.687 2.082 1.491 0.979 0.914 0.859 0.802 0.747 0.709 0.662 0.630 0.596 0.564 0.543 0.514 0.484 0.466 0.441 0.437 0.431 0.430 0.435 0.434 0.726 1.104 1.538 1.850 1.990 1.985 1.876 1.680 1.380 1.124 0.897 0.698 0.505 0.349 0.327 0.295 0.269 0.392 0.710 1.017 1.165 1.150 0.997 0.697 0.278 0.217 0.233 0.240 0.237 0.250 0.247 0.260 0.261 0.260 0.259 0.261 0.267 0.271 0.285 0.297 0.302 0.315 0.323 0.330 0.333 0.335
1.509 1.805 2.198 2.677 3.156 3.470 3.510 3.251 2.782 2.223 1.662 1.159 0.919 0.869 0.814 0.768 0.723 0.680 0.637 0.608 0.593 0.563 0.543 0.523 0.498 0.485 0.478 0.469 0.473 0.469 0.500 0.784 1.154 1.590 1.906 2.037 2.036 1.923 1.728 1.444 1.164 0.918 0.697 0.480 0.336 0.310 0.284 0.267 0.330 0.639 0.964 1.131 1.148 1.037 0.762 0.370 0.234 0.233 0.245 0.248 0.251 0.262 0.264 0.266 0.278 0.279 0.281 0.294 0.300 0.304 0.313 0.322 0.339 0.340 0.350 0.346 0.350
1.401 1.680 2.065 2.548 3.034 3.374 3.439 3.217 2.808 2.326 1.819 1.353 0.922 0.878 0.827 0.774 0.738 0.690 0.655 0.631 0.608 0.598 0.571 0.560 0.546 0.526 0.522 0.516 0.507 0.509 0.593 0.862 1.235 1.672 1.999 2.099 2.097 1.989 1.807 1.559 1.233 0.946 0.691 0.468 0.328 0.299 0.278 0.265 0.317 0.625 0.963 1.163 1.213 1.125 0.876 0.461 0.241 0.244 0.252 0.252 0.266 0.272 0.272 0.286 0.292 0.306 0.308 0.317 0.326 0.328 0.343 0.346 0.356 0.358 0.361 0.369 0.364
1.296 1.552 1.923 2.372 2.855 3.192 3.271 3.079 2.730 2.329 1.937 1.523 1.121 0.883 0.837 0.791 0.747 0.709 0.680 0.652 0.643 0.626 0.613 0.591 0.587 0.576 0.562 0.563 0.555 0.552 0.693 0.951 1.309 1.764 2.110 2.209 2.234 2.134 1.946 1.704 1.365 1.021 0.714 0.454 0.322 0.295 0.277 0.269 0.317 0.612 0.976 1.212 1.303 1.218 0.978 0.540 0.256 0.255 0.259 0.267 0.271 0.283 0.294 0.300 0.319 0.325 0.338 0.343 0.353 0.363 0.373 0.380 0.381 0.385 0.388 0.378 0.373
