sed_model1.grd
DSAA
         561         521
    -2800.000000     2800.000000
    -2600.000000     2600.000000
   -3.000000E-03       20.010000
[rows 238 to 271 of 521, columns 77 to 153 of 561]
7.791 7.685 7.460 7.025 6.401 5.712 5.080 4.619 4.326 4.066 4.041 4.289 4.786 5.488 6.286 7.233 8.258 9.316 10.416 11.586 12.853 14.241 15.859 17.821 20.007 20.005 20.005 20.007 20.007 20.010 20.002 20.010 20.005 20.007 20.005 20.008 20.010 20.007 20.010 19.981 19.174 18.710 18.453 18.153 17.478 16.242 14.438 12.183 9.659 7.058 4.714 3.113 2.043 1.302 0.874 0.729 0.745 0.792 0.830 0.850 0.830 0.790 0.740 0.690 0.640 0.590 0.550 0.500 0.460 0.420 0.390 0.340 0.270 0.180 0.060 0.000 0.000
8.367 8.225 7.931 7.364 6.620 5.831 5.133 4.608 4.271 3.903 3.775 3.904 4.299 4.925 5.659 6.473 7.398 8.418 9.511 10.685 11.912 13.199 14.545 15.955 17.433 19.086 20.008 20.004 20.007 20.003 18.716 17.189 16.241 15.817 15.784 15.877 15.812 15.539 15.179 14.718 14.273 13.968 13.839 13.831 13.773 13.477 12.716 11.346 9.409 7.119 4.860 3.226 2.089 1.222 0.733 0.704 0.801 0.880 0.922 0.905 0.890 0.870 0.830 0.790 0.750 0.710 0.670 0.630 0.580 0.540 0.500 0.440 0.370 0.270 0.160 0.040 0.000
8.469 8.271 7.951 7.311 6.528 5.725 5.023 4.487 4.057 3.633 3.454 3.529 3.834 4.358 5.036 5.732 6.505 7.442 8.496 9.653 10.864 12.074 13.236 14.310 15.283 16.160 16.899 17.341 17.191 16.410 15.283 14.192 13.400 13.001 12.958 13.012 12.935 12.687 12.307 11.870 11.464 11.200 11.119 11.197 11.360 11.451 11.258 10.546 9.201 7.307 5.223 3.545 2.347 1.418 0.870 0.913 1.009 1.085 1.100 1.054 0.992 0.960 0.940 0.920 0.890 0.860 0.840 0.800 0.760 0.700 0.640 0.570 0.490 0.380 0.260 0.140 0.020
8.170 7.881 7.498 6.925 6.225 5.478 4.800 4.265 3.694 3.246 3.079 3.133 3.394 3.828 4.393 5.015 5.665 6.462 7.441 8.547 9.709 10.838 11.838 12.670 13.351 13.927 14.395 14.635 14.493 13.880 12.966 12.015 11.290 10.853 10.817 10.840 10.717 10.448 10.081 9.689 9.351 9.140 9.109 9.271 9.571 9.888 10.081 9.885 9.093 7.691 5.887 4.178 2.917 2.058 1.549 1.397 1.395 1.392 1.344 1.255 1.157 1.068 1.060 1.050 1.040 1.030 1.020 1.000 0.960 0.900 0.820 0.730 0.620 0.490 0.360 0.240 0.130
7.614 7.273 6.898 6.413 5.809 5.133 4.491 3.942 3.201 2.802 2.662 2.740 3.001 3.392 3.851 4.335 4.901 5.618 6.453 7.444 8.510 9.512 10.360 11.010 11.512 11.909 12.219 12.371 12.232 11.730 10.978 10.200 9.584 9.226 9.126 9.055 8.859 8.555 8.214 7.879 7.617 7.487 7.525 7.777 8.185 8.691 9.170 9.392 9.100 8.210 6.886 5.156 3.795 2.893 2.360 2.069 1.926 1.813 1.667 1.512 1.368 1.256 1.180 1.200 1.200 1.200 1.200 1.180 1.150 1.090 1.000 0.890 0.770 0.620 0.480 0.350 0.240
7.005 6.634 6.286 5.869 5.326 4.712 4.111 3.348 2.703 2.355 2.274 2.389 2.676 3.061 3.475 3.870 4.322 4.911 5.628 6.430 7.322 8.177 8.881 9.423 9.807 10.079 10.264 10.309 10.155 9.761 9.178 8.581 8.131 7.861 7.723 7.543 7.264 6.925 6.601 6.334 6.164 6.114 6.251 6.583 7.102 7.775 8.508 9.060 9.163 8.682 7.698 6.308 4.983 4.013 3.370 2.951 2.648 2.368 2.091 1.833 1.627 1.477 1.367 1.340 1.350 1.350 1.350 1.330 1.300 1.240 1.150 1.040 0.910 0.760 0.610 0.480 0.360
6.438 6.079 5.730 5.325 4.824 4.243 3.623 2.758 2.229 1.985 1.957 2.133 2.449 2.863 3.284 3.639 3.965 4.393 4.975 5.618 6.296 6.983 7.574 8.027 8.326 8.516 8.589 8.540 8.350 8.015 7.585 7.146 6.835 6.650 6.485 6.257 5.931 5.552 5.142 4.864 4.738 4.782 5.060 5.583 6.229 7.060 8.033 8.853 9.180 9.031 8.426 7.506 6.509 5.581 4.821 4.199 3.659 3.143 2.673 2.267 1.954 1.734 1.582 1.510 1.510 1.500 1.480 1.450 1.400 1.340 1.260 1.150 1.030 0.890 0.750 0.610 0.480
5.964 5.617 5.245 4.813 4.295 3.756 2.929 2.254 1.873 1.715 1.760 1.978 2.347 2.811 3.261 3.603 3.871 4.163 4.555 5.060 5.557 6.056 6.535 6.920 7.178 7.311 7.315 7.190 6.948 6.633 6.277 5.966 5.750 5.613 5.455 5.157 4.727 4.253 3.875 3.655 3.603 3.715 4.052 4.621 5.488 6.390 7.537 8.546 9.050 9.214 9.036 8.644 8.150 7.573 6.880 6.073 5.170 4.264 3.469 2.825 2.353 2.027 1.823 1.690 1.680 1.660 1.620 1.560 1.490 1.410 1.330 1.240 1.130 1.010 0.880 0.740 0.620
5.619 5.252 4.816 4.329 3.805 3.158 2.382 1.888 1.626 1.556 1.676 1.957 2.377 2.881 3.362 3.712 3.942 4.153 4.400 4.731 5.085 5.446 5.810 6.128 6.366 6.487 6.482 6.316 6.044 5.715 5.324 4.978 4.754 4.605 4.414 4.116 3.694 3.287 2.978 2.821 2.793 2.915 3.208 3.755 4.634 5.669 6.785 7.883 8.687 9.177 9.470 9.661 9.769 9.675 9.259 8.452 7.309 5.932 4.609 3.553 2.833 2.387 2.111 1.919 1.870 1.830 1.760 1.680 1.580 1.500 1.410 1.320 1.220 1.120 1.010 0.880 0.760
5.337 4.933 4.441 3.907 3.385 2.591 2.005 1.643 1.491 1.509 1.687 2.033 2.514 3.060 3.561 3.908 4.101 4.251 4.426 4.594 4.807 5.048 5.307 5.564 5.780 5.927 5.983 5.820 5.529 5.152 4.650 4.215 3.913 3.719 3.530 3.275 2.950 2.637 2.403 2.268 2.242 2.337 2.571 2.982 3.785 4.941 5.986 7.131 8.130 8.968 9.730 10.550 11.352 11.873 11.838 11.139 9.890 8.233 6.289 4.507 3.387 2.816 2.495 2.259 2.120 2.013 1.900 1.800 1.690 1.590 1.490 1.390 1.300 1.210 1.120 1.020 0.910
5.062 4.627 4.097 3.553 2.971 2.227 1.763 1.522 1.452 1.551 1.797 2.208 2.732 3.290 3.770 3.983 4.130 4.240 4.344 4.460 4.580 4.720 4.892 5.087 5.272 5.438 5.501 5.409 5.163 4.772 4.173 3.631 3.260 3.043 2.875 2.677 2.441 2.184 1.980 1.858 1.828 1.904 2.100 2.429 3.040 4.095 5.196 6.324 7.468 8.598 9.827 11.286 12.888 14.243 14.861 14.448 13.146 11.189 8.688 5.841 4.008 3.450 3.124 2.834 2.573 2.346 2.146 1.971 1.810 1.700 1.590 1.470 1.380 1.300 1.230 1.150 1.050
4.718 4.290 3.767 3.241 2.607 2.010 1.666 1.509 1.523 1.683 1.988 2.425 2.954 3.503 3.763 3.943 4.064 4.165 4.238 4.293 4.342 4.402 4.483 4.599 4.763 4.903 4.978 4.945 4.746 4.338 3.707 3.140 2.761 2.543 2.399 2.239 2.049 1.829 1.633 1.511 1.482 1.560 1.727 2.003 2.470 3.276 4.468 5.509 6.729 8.104 9.750 11.835 14.316 17.018 19.572 20.009 18.571 15.672 12.287 8.366 5.294 4.860 4.321 3.765 3.266 2.847 2.511 2.226 1.994 1.820 1.690 1.570 1.460 1.390 1.330 1.260 1.170
4.305 3.912 3.434 2.975 2.386 1.914 1.669 1.588 1.668 1.880 2.224 2.668 3.171 3.492 3.703 3.860 3.955 4.017 4.060 4.075 4.065 4.048 4.058 4.109 4.233 4.341 4.407 4.386 4.227 3.768 3.196 2.696 2.361 2.173 2.047 1.913 1.744 1.544 1.350 1.223 1.169 1.277 1.428 1.651 2.009 2.602 3.605 4.756 5.958 7.513 9.503 12.104 15.492 20.010 20.009 20.006 20.007 20.000 19.730 13.636 10.152 8.185 6.704 5.394 4.371 3.599 3.016 2.575 2.226 1.953 1.810 1.680 1.580 1.500 1.440 1.370 1.280
3.854 3.504 3.112 2.740 2.248 1.897 1.746 1.750 1.894 2.147 2.499 2.908 3.237 3.450 3.622 3.728 3.797 3.832 3.823 3.786 3.730 3.675 3.612 3.592 3.649 3.733 3.769 3.726 3.510 3.138 2.695 2.304 2.034 1.869 1.766 1.632 1.474 1.300 1.135 1.022 1.002 1.061 1.190 1.360 1.643 2.073 2.831 4.094 5.217 6.848 9.078 12.065 16.146 20.003 20.004 20.006 20.004 20.002 20.008 20.002 16.812 12.838 10.136 7.948 6.118 4.701 3.706 3.002 2.513 2.160 1.960 1.850 1.740 1.650 1.570 1.480 1.380
3.417 3.121 2.814 2.530 2.171 1.957 1.913 1.997 2.197 2.467 2.804 3.059 3.252 3.410 3.534 3.601 3.628 3.605 3.542 3.449 3.361 3.208 3.075 3.020 3.040 3.086 3.101 3.036 2.862 2.596 2.269 1.975 1.744 1.608 1.518 1.398 1.255 1.091 0.962 0.870 0.860 0.897 0.981 1.118 1.327 1.678 2.247 3.220 4.517 6.110 8.479 11.644 16.002 20.007 20.009 20.008 20.004 20.005 20.010 20.006 20.006 20.003 14.381 10.939 8.312 6.159 4.546 3.499 2.820 2.403 2.160 2.060 1.960 1.850 1.740 1.620 1.500
3.024 2.790 2.557 2.335 2.144 2.092 2.162 2.346 2.598 2.810 2.992 3.162 3.299 3.413 3.481 3.501 3.459 3.383 3.261 3.117 2.919 2.732 2.596 2.543 2.537 2.561 2.547 2.495 2.351 2.148 1.900 1.684 1.513 1.387 1.296 1.185 1.059 0.918 0.798 0.732 0.727 0.742 0.806 0.906 1.084 1.369 1.810 2.536 3.874 5.323 7.691 10.858 15.064 20.009 20.010 20.009 20.001 20.007 20.003 20.009 20.005 20.007 20.006 14.365 10.611 7.761 5.532 4.058 3.192 2.679 2.414 2.310 2.210 2.090 1.940 1.790 1.640
2.697 2.526 2.363 2.204 2.184 2.269 2.470 2.658 2.841 3.026 3.181 3.305 3.407 3.466 3.483 3.441 3.335 3.191 3.022 2.812 2.541 2.347 2.206 2.148 2.121 2.132 2.098 2.044 1.928 1.767 1.585 1.408 1.271 1.169 1.090 1.002 0.888 0.767 0.667 0.610 0.603 0.620 0.661 0.744 0.898 1.122 1.469 2.016 3.025 4.520 6.698 9.756 13.568 19.637 20.002 20.005 20.009 20.007 20.002 20.006 20.001 20.000 20.010 19.659 13.065 9.380 6.614 4.669 3.571 2.974 2.676 2.570 2.460 2.320 2.140 1.960 1.780
2.429 2.326 2.192 2.153 2.254 2.439 2.647 2.880 3.096 3.263 3.389 3.487 3.544 3.570 3.535 3.435 3.273 3.065 2.852 2.553 2.279 2.073 1.924 1.830 1.790 1.770 1.727 1.656 1.548 1.408 1.270 1.145 1.053 0.978 0.910 0.835 0.736 0.635 0.550 0.533 0.539 0.550 0.566 0.624 0.741 0.924 1.192 1.596 2.322 3.765 5.594 8.422 11.772 15.832 20.003 20.002 20.004 20.004 20.008 20.007 20.000 20.004 20.005 20.003 16.249 11.155 7.790 5.409 4.013 3.252 2.933 2.794 2.664 2.490 2.300 2.100 1.890
2.149 2.089 2.065 2.123 2.315 2.533 2.816 3.091 3.339 3.509 3.608 3.678 3.709 3.690 3.613 3.466 3.269 3.010 2.760 2.439 2.137 1.905 1.731 1.604 1.521 1.461 1.391 1.320 1.208 1.097 0.993 0.898 0.828 0.791 0.753 0.691 0.615 0.523 0.510 0.510 0.507 0.512 0.526 0.548 0.609 0.755 0.944 1.250 1.782 2.936 4.544 7.035 10.025 13.355 18.036 20.001 20.001 20.002 20.007 20.002 20.006 20.000 20.005 20.002 20.009 13.336 9.099 6.365 4.649 3.621 3.287 3.076 2.874 2.657 2.415 2.200 1.980
1.833 1.867 1.925 2.091 2.337 2.608 2.934 3.262 3.522 3.693 3.785 3.826 3.828 3.793 3.690 3.518 3.278 3.009 2.746 2.434 2.097 1.817 1.601 1.425 1.313 1.204 1.117 1.018 0.911 0.818 0.734 0.666 0.635 0.622 0.603 0.577 0.514 0.499 0.488 0.483 0.478 0.477 0.489 0.496 0.520 0.601 0.746 0.964 1.376 2.238 3.758 5.773 8.441 11.347 14.946 20.002 20.006 20.001 20.001 20.009 20.003 20.007 20.002 20.005 20.002 16.465 10.524 7.663 5.788 4.569 3.901 3.484 3.164 2.863 2.583 2.297 2.070
1.557 1.653 1.782 2.006 2.316 2.631 2.989 3.350 3.633 3.806 3.890 3.902 3.883 3.829 3.718 3.548 3.307 3.043 2.777 2.519 2.132 1.777 1.494 1.291 1.122 0.988 0.885 0.782 0.680 0.588 0.562 0.556 0.544 0.539 0.522 0.509 0.496 0.476 0.465 0.455 0.449 0.440 0.452 0.456 0.476 0.489 0.553 0.733 1.074 1.763 3.165 4.741 6.993 9.589 12.702 17.381 20.001 20.005 20.003 20.005 20.002 20.007 20.002 20.010 20.006 20.010 12.173 9.738 7.649 5.972 4.831 4.090 3.581 3.167 2.800 2.473 2.170
1.311 1.447 1.625 1.895 2.271 2.599 2.982 3.346 3.642 3.818 3.883 3.876 3.836 3.757 3.674 3.528 3.323 3.088 2.815 2.549 2.172 1.756 1.419 1.160 0.967 0.809 0.684 0.580 0.557 0.546 0.532 0.528 0.518 0.510 0.503 0.488 0.471 0.458 0.447 0.431 0.424 0.417 0.418 0.415 0.428 0.445 0.466 0.557 0.859 1.436 2.551 3.918 5.674 7.969 10.741 14.467 20.001 20.006 20.002 20.004 20.004 20.010 20.005 20.002 20.005 20.009 20.007 13.573 10.313 7.961 6.192 4.993 4.176 3.592 3.109 2.706 2.363
1.132 1.277 1.483 1.760 2.180 2.524 2.899 3.267 3.547 3.717 3.775 3.751 3.684 3.609 3.535 3.430 3.270 3.063 2.821 2.526 2.159 1.691 1.323 1.022 0.808 0.639 0.553 0.540 0.531 0.520 0.512 0.502 0.502 0.486 0.474 0.466 0.454 0.445 0.433 0.410 0.405 0.393 0.383 0.381 0.394 0.413 0.445 0.490 0.719 1.201 2.050 3.258 4.560 6.431 8.928 12.139 16.977 20.008 20.008 20.002 20.009 20.009 20.008 20.008 20.006 20.003 20.003 20.000 13.766 10.327 7.933 6.180 4.974 4.123 3.490 2.987 2.582
1.009 1.162 1.366 1.629 2.024 2.412 2.772 3.104 3.358 3.504 3.547 3.506 3.434 3.364 3.300 3.226 3.119 2.959 2.735 2.449 2.062 1.565 1.167 0.877 0.642 0.533 0.528 0.519 0.515 0.501 0.498 0.488 0.478 0.476 0.467 0.454 0.437 0.428 0.418 0.405 0.392 0.376 0.364 0.353 0.375 0.394 0.427 0.464 0.619 1.029 1.686 2.714 3.675 5.076 7.231 10.116 13.959 20.004 20.000 20.009 20.008 20.005 20.008 20.002 20.004 20.007 20.009 20.006 18.313 12.862 9.728 7.492 5.854 4.694 3.856 3.258 2.801
0.953 1.083 1.264 1.504 1.844 2.265 2.577 2.854 3.073 3.186 3.216 3.179 3.101 3.036 2.994 2.952 2.889 2.764 2.567 2.291 1.864 1.377 1.001 0.693 0.519 0.520 0.507 0.502 0.494 0.494 0.486 0.479 0.471 0.459 0.456 0.447 0.435 0.420 0.413 0.403 0.389 0.372 0.353 0.347 0.358 0.384 0.419 0.445 0.570 0.907 1.409 2.120 2.980 4.020 5.722 8.307 11.615 16.366 20.002 20.003 20.004 20.006 20.004 20.001 20.010 20.008 20.007 20.010 20.002 15.267 11.367 8.677 6.688 5.189 4.163 3.455 2.987
0.932 1.040 1.177 1.383 1.657 2.021 2.336 2.556 2.710 2.798 2.814 2.783 2.722 2.681 2.653 2.635 2.606 2.526 2.356 2.097 1.619 1.185 0.812 0.527 0.506 0.498 0.497 0.495 0.482 0.479 0.475 0.472 0.457 0.450 0.463 0.458 0.441 0.420 0.410 0.397 0.388 0.374 0.358 0.361 0.365 0.386 0.410 0.431 0.527 0.810 1.176 1.682 2.448 3.252 4.550 6.706 9.603 13.326 19.929 20.009 20.004 20.010 20.002 20.002 20.009 20.008 20.001 20.009 20.001 17.087 12.595 9.622 7.364 5.607 4.357 3.574 3.132
0.945 1.022 1.107 1.258 1.456 1.701 1.997 2.218 2.328 2.380 2.391 2.369 2.335 2.311 2.308 2.324 2.320 2.275 2.131 1.838 1.409 1.005 0.666 0.490 0.490 0.491 0.483 0.477 0.480 0.474 0.467 0.458 0.469 0.506 0.503 0.493 0.461 0.425 0.410 0.406 0.390 0.377 0.369 0.366 0.376 0.386 0.407 0.422 0.489 0.701 0.983 1.344 1.942 2.709 3.725 5.332 7.752 10.859 14.814 20.001 20.001 20.006 20.004 20.009 20.001 20.009 20.009 20.007 20.007 17.625 13.292 10.275 7.917 5.969 4.490 3.588 3.254
0.984 1.019 1.071 1.139 1.271 1.437 1.610 1.753 1.860 1.909 1.926 1.910 1.914 1.926 1.988 2.040 2.070 2.041 1.911 1.604 1.232 0.867 0.560 0.475 0.480 0.479 0.476 0.466 0.465 0.466 0.465 0.505 0.561 0.575 0.544 0.499 0.460 0.421 0.419 0.408 0.404 0.393 0.383 0.381 0.381 0.394 0.405 0.417 0.436 0.588 0.799 1.096 1.580 2.312 3.141 4.318 5.951 8.717 11.775 15.182 20.003 20.005 20.009 20.002 20.010 20.008 20.007 20.006 20.007 16.651 13.329 10.636 8.372 6.400 4.733 3.472 3.501
1.025 1.030 1.042 1.068 1.136 1.215 1.297 1.360 1.404 1.407 1.408 1.408 1.448 1.506 1.594 1.701 1.798 1.803 1.678 1.434 1.115 0.790 0.514 0.458 0.459 0.457 0.463 0.459 0.457 0.455 0.534 0.620 0.634 0.614 0.559 0.519 0.473 0.434 0.424 0.414 0.412 0.400 0.395 0.394 0.388 0.398 0.403 0.415 0.432 0.469 0.652 0.918 1.360 2.035 2.752 3.690 5.006 7.058 9.404 11.709 13.894 15.868 17.545 18.817 19.444 19.449 19.015 18.183 16.799 14.883 12.754 10.624 8.684 6.933 5.421 4.436 4.226
1.056 1.063 1.047 1.034 1.050 1.064 1.094 1.091 1.089 1.073 1.067 1.071 1.116 1.191 1.305 1.429 1.543 1.584 1.514 1.322 1.051 0.777 0.536 0.444 0.448 0.452 0.455 0.448 0.453 0.540 0.646 0.692 0.665 0.622 0.552 0.505 0.463 0.436 0.428 0.429 0.419 0.412 0.409 0.397 0.406 0.407 0.408 0.413 0.423 0.432 0.530 0.799 1.201 1.823 2.447 3.238 4.275 5.691 7.397 9.045 10.493 11.661 12.514 13.084 13.411 13.609 13.762 13.851 13.633 12.920 11.680 10.195 8.760 7.350 6.189 5.461 5.189
1.075 1.074 1.053 1.026 1.002 0.978 0.962 0.933 0.901 0.865 0.841 0.840 0.899 0.989 1.111 1.243 1.355 1.425 1.392 1.267 1.055 0.826 0.613 0.459 0.435 0.442 0.440 0.440 0.543 0.630 0.685 0.691 0.654 0.580 0.526 0.481 0.450 0.445 0.438 0.430 0.432 0.426 0.415 0.411 0.416 0.409 0.419 0.416 0.422 0.425 0.467 0.726 1.097 1.651 2.198 2.841 3.619 4.558 5.656 6.806 7.825 8.621 9.198 9.615 9.920 10.203 10.526 10.877 11.144 10.986 10.272 9.291 8.281 7.339 6.610 6.160 6.018
1.071 1.081 1.061 1.032 0.981 0.935 0.884 0.858 0.809 0.767 0.737 0.739 0.795 0.872 1.001 1.131 1.223 1.284 1.291 1.217 1.079 0.923 0.762 0.614 0.539 0.507 0.529 0.564 0.626 0.652 0.658 0.625 0.578 0.526 0.479 0.473 0.461 0.458 0.454 0.447 0.440 0.435 0.424 0.428 0.419 0.425 0.417 0.424 0.423 0.429 0.431 0.674 1.026 1.480 1.960 2.453 3.029 3.656 4.314 4.978 5.592 6.097 6.484 6.796 7.102 7.454 7.912 8.474 9.088 9.314 8.742 8.061 7.427 6.894 6.637 6.513 6.582
1.052 1.060 1.036 0.998 0.951 0.895 0.866 0.839 0.806 0.768 0.743 0.742 0.773 0.847 0.944 1.044 1.117 1.171 1.187 1.152 1.096 1.008 0.888 0.795 0.717 0.684 0.668 0.649 0.629 0.595 0.563 0.520 0.481 0.478 0.488 0.483 0.475 0.476 0.465 0.459 0.453 0.449 0.446 0.437 0.432 0.433 0.430 0.428 0.429 0.432 0.425 0.635 0.917 1.279 1.723 2.103 2.509 2.932 3.327 3.686 3.982 4.209 4.402 4.586 4.832 5.204 5.725 6.391 7.100 7.441 7.100 6.684 6.390 6.252 6.296 6.571 6.910
1.017 1.012 0.992 0.955 0.906 0.876 0.861 0.844 0.830 0.818 0.800 0.784 0.812 0.863 0.928 0.996 1.029 1.044 1.061 1.059 1.052 1.022 0.967 0.900 0.858 0.793 0.727 0.641 0.559 0.487 0.460 0.476 0.482 0.488 0.491 0.489 0.491 0.487 0.477 0.475 0.471 0.466 0.450 0.447 0.448 0.446 0.435 0.435 0.433 0.430 0.425 0.567 0.803 1.087 1.442 1.768 2.066 2.350 2.589 2.764 2.896 2.978 3.036 3.142 3.345 3.681 4.156 4.741 5.299 5.593 5.537 5.386 5.326 5.474 5.816 6.307 6.920
