sed_model1.grd
DSAA
         561         521
    -2800.000000     2800.000000
    -2600.000000     2600.000000
   -3.000000E-03       20.010000
[rows 34 to 67 of 521, columns 385 to 461 of 561]
14.800 16.626 19.532 20.008 20.003 20.008 20.004 20.010 20.005 20.010 20.006 20.001 20.007 20.003 20.009 17.224 14.970 13.174 11.616 10.238 8.999 7.882 6.812 5.789 4.835 4.006 3.342 2.808 2.369 1.994 1.671 1.389 1.127 0.876 0.635 0.392 0.161 0.050 0.049 0.049 0.049 0.048 0.050 0.052 0.044 0.053 0.051 0.048 0.043 0.048 0.041 0.044 0.038 0.042 0.036 0.032 0.036 0.033 0.030 0.028 0.028 0.027 0.027 0.027 0.036 0.036 0.035 0.035 0.033 0.032 0.031 0.031 0.030 0.027 0.028 0.026 0.024
20.005 20.002 20.006 20.010 20.004 20.000 20.005 20.008 20.002 20.006 20.009 20.001 20.007 20.003 20.009 20.004 20.010 20.004 20.007 20.006 19.506 15.667 13.336 11.420 9.691 8.078 6.596 5.298 4.284 3.515 2.909 2.404 1.971 1.569 1.206 0.864 0.554 0.293 0.051 0.051 0.051 0.052 0.044 0.046 0.047 0.048 0.047 0.044 0.050 0.045 0.048 0.041 0.044 0.038 0.041 0.036 0.031 0.038 0.035 0.034 0.032 0.032 0.031 0.031 0.030 0.030 0.028 0.027 0.036 0.036 0.035 0.033 0.033 0.031 0.030 0.029 0.028
20.001 20.006 20.010 20.002 20.006 20.010 20.004 20.007 20.009 20.001 20.003 20.004 20.007 20.002 20.007 20.001 20.007 20.003 20.006 20.005 20.002 20.000 20.007 20.001 20.002 16.062 12.890 10.533 8.590 6.890 5.422 4.264 3.357 2.643 2.040 1.527 1.095 0.754 0.483 0.263 0.103 0.044 0.046 0.048 0.050 0.052 0.050 0.048 0.046 0.051 0.045 0.047 0.040 0.043 0.037 0.042 0.037 0.033 0.031 0.039 0.037 0.037 0.035 0.034 0.033 0.032 0.031 0.031 0.030 0.028 0.027 0.036 0.035 0.035 0.034 0.032 0.031
20.007 20.000 20.003 20.004 20.007 20.009 20.002 20.004 20.006 20.007 20.008 20.010 20.001 20.004 20.007 20.001 20.006 20.001 20.003 20.001 20.006 20.001 20.006 20.009 20.010 20.009 20.000 20.004 17.582 13.462 10.674 8.376 6.349 4.682 3.465 2.579 1.917 1.436 1.085 0.824 0.644 0.515 0.418 0.329 0.211 0.061 0.052 0.051 0.050 0.047 0.051 0.043 0.045 0.038 0.042 0.036 0.042 0.038 0.035 0.033 0.031 0.030 0.039 0.038 0.036 0.036 0.035 0.034 0.033 0.031 0.030 0.030 0.029 0.027 0.027 0.036 0.034
20.003 20.005 20.007 20.007 20.008 20.009 20.001 20.002 20.003 20.005 20.005 20.005 20.007 20.010 20.001 20.004 20.007 20.002 20.002 20.006 20.008 20.010 20.002 20.003 20.003 20.004 20.005 20.001 20.009 20.009 20.002 16.545 12.179 9.111 6.572 4.615 3.350 2.538 1.997 1.636 1.386 1.196 1.058 0.919 0.760 0.562 0.331 0.071 0.051 0.050 0.045 0.048 0.049 0.041 0.045 0.040 0.036 0.043 0.040 0.037 0.035 0.033 0.032 0.032 0.030 0.038 0.038 0.037 0.035 0.034 0.034 0.033 0.031 0.030 0.029 0.029 0.028
20.008 20.009 20.009 20.009 20.009 20.010 20.009 20.010 20.001 20.001 20.001 20.001 20.003 20.004 20.006 20.008 20.002 20.004 20.009 20.010 20.009 20.007 20.006 20.005 20.004 20.005 20.007 20.003 20.001 20.002 20.005 20.009 20.003 18.836 12.638 9.121 6.505 4.682 3.579 2.918 2.476 2.157 1.908 1.679 1.431 1.151 0.841 0.531 0.231 0.051 0.048 0.051 0.042 0.044 0.039 0.044 0.040 0.036 0.034 0.041 0.040 0.037 0.036 0.034 0.033 0.032 0.030 0.031 0.039 0.037 0.036 0.035 0.034 0.033 0.033 0.032 0.031
20.004 20.004 20.003 20.001 20.000 20.009 20.009 20.008 20.008 20.007 20.007 20.008 20.009 20.000 20.001 20.003 20.006 20.006 20.007 20.003 20.008 20.003 20.008 20.004 20.002 20.002 20.005 20.001 20.009 20.010 20.003 20.008 20.002 20.006 20.009 19.463 12.709 9.356 7.052 5.460 4.418 3.728 3.199 2.750 2.320 1.880 1.461 1.061 0.691 0.371 0.077 0.051 0.044 0.048 0.042 0.038 0.043 0.040 0.037 0.034 0.043 0.040 0.040 0.038 0.036 0.036 0.033 0.032 0.031 0.031 0.030 0.038 0.038 0.036 0.036 0.035 0.034
20.001 20.008 20.005 20.003 20.010 20.009 20.007 20.006 20.005 20.004 20.004 20.004 20.004 20.005 20.007 20.007 20.000 20.007 20.003 20.005 20.006 20.006 20.009 20.002 20.009 20.008 20.009 20.005 20.004 20.006 20.009 20.003 20.009 20.003 20.008 20.003 20.010 20.008 13.664 10.602 8.540 6.959 5.648 4.568 3.679 2.930 2.280 1.721 1.250 0.849 0.506 0.211 0.045 0.049 0.044 0.039 0.046 0.043 0.040 0.038 0.036 0.043 0.043 0.041 0.039 0.038 0.037 0.036 0.035 0.034 0.033 0.031 0.030 0.030 0.039 0.038 0.038
20.006 20.002 20.008 20.005 20.001 20.008 20.006 20.004 20.003 20.001 20.010 20.010 20.010 20.009 20.010 20.002 20.004 20.006 20.009 20.007 20.004 20.010 20.008 20.009 20.002 20.000 20.001 20.007 20.006 20.008 20.002 20.007 20.002 20.009 20.005 20.002 20.010 20.009 20.007 20.006 16.545 12.854 10.332 8.220 6.309 4.689 3.500 2.620 1.960 1.438 1.015 0.651 0.335 0.051 0.046 0.043 0.039 0.046 0.043 0.042 0.040 0.037 0.036 0.043 0.042 0.041 0.040 0.039 0.037 0.037 0.035 0.034 0.033 0.033 0.032 0.031 0.030
20.001 20.006 20.001 20.005 20.001 20.008 20.004 20.001 20.009 20.008 20.007 20.006 20.005 20.005 20.005 20.006 20.007 20.006 20.005 20.010 20.002 20.005 20.008 20.005 20.005 20.000 20.001 20.006 20.006 20.008 20.002 20.008 20.005 20.003 20.010 20.009 20.009 20.010 20.010 20.001 20.002 20.002 20.001 14.660 10.957 8.105 5.753 4.070 2.989 2.227 1.654 1.191 0.807 0.483 0.209 0.045 0.041 0.039 0.037 0.044 0.042 0.040 0.039 0.037 0.035 0.034 0.042 0.042 0.040 0.039 0.038 0.038 0.036 0.036 0.035 0.035 0.034
20.007 20.009 20.002 20.007 20.001 20.006 20.002 20.009 20.006 20.004 20.003 20.001 20.010 20.000 20.000 20.001 20.010 20.006 20.003 20.004 20.002 20.009 20.008 20.010 20.007 20.000 20.009 20.003 20.002 20.005 20.010 20.007 20.006 20.005 20.005 20.006 20.008 20.001 20.004 20.007 20.001 20.004 20.005 20.005 20.004 13.941 9.846 6.900 4.763 3.427 2.553 1.911 1.407 1.004 0.671 0.398 0.155 0.042 0.040 0.038 0.045 0.043 0.041 0.040 0.038 0.037 0.035 0.035 0.043 0.042 0.041 0.041 0.039 0.039 0.038 0.037 0.037
20.001 20.002 20.004 20.006 20.010 20.004 20.010 20.006 20.004 20.000 20.008 20.008 20.006 20.005 20.004 20.006 20.003 20.007 20.001 20.009 20.002 20.004 20.007 20.004 20.007 20.008 20.005 20.009 20.008 20.001 20.007 20.006 20.006 20.007 20.009 20.002 20.007 20.003 20.009 20.006 20.003 20.009 20.003 20.006 20.007 20.005 18.090 11.794 8.295 5.755 4.064 2.984 2.237 1.685 1.253 0.901 0.607 0.344 0.092 0.041 0.039 0.046 0.044 0.043 0.041 0.040 0.039 0.038 0.036 0.035 0.034 0.043 0.042 0.042 0.040 0.040 0.040
20.005 20.005 20.005 20.007 20.009 20.003 20.007 20.003 20.010 20.005 20.005 20.003 20.002 20.010 20.010 20.001 20.005 20.008 20.009 20.002 20.010 20.006 20.004 20.007 20.007 20.004 20.010 20.003 20.002 20.006 20.003 20.003 20.005 20.008 20.002 20.008 20.006 20.005 20.005 20.006 20.007 20.007 20.005 20.002 20.005 20.006 20.003 20.007 14.418 10.056 7.113 4.940 3.557 2.645 2.005 1.532 1.139 0.808 0.515 0.243 0.041 0.039 0.038 0.046 0.044 0.042 0.041 0.040 0.039 0.038 0.037 0.036 0.035 0.034 0.034 0.043 0.043
20.009 20.006 20.005 20.006 20.008 20.001 20.003 20.005 20.007 20.004 20.001 20.010 20.007 20.006 20.006 20.006 20.008 20.006 20.003 20.001 20.005 20.004 20.008 20.008 20.004 20.001 20.005 20.007 20.006 20.001 20.010 20.001 20.004 20.010 20.006 20.005 20.006 20.009 20.003 20.008 20.004 20.009 20.002 20.003 20.010 20.003 20.002 20.007 20.009 19.107 12.273 8.719 6.092 4.286 3.161 2.397 1.836 1.379 1.006 0.676 0.394 0.142 0.040 0.038 0.037 0.046 0.044 0.043 0.042 0.041 0.040 0.039 0.038 0.037 0.037 0.036 0.035
20.010 20.007 20.006 20.004 20.005 20.009 20.005 20.007 20.003 20.002 20.009 20.006 20.004 20.001 20.002 20.001 20.008 20.010 20.008 20.009 20.002 20.004 20.001 20.000 20.009 20.006 20.001 20.003 20.003 20.008 20.007 20.010 20.004 20.001 20.001 20.003 20.007 20.004 20.003 20.003 20.005 20.005 20.003 20.008 20.009 20.006 20.008 20.005 20.008 20.007 20.003 15.117 10.499 7.450 5.221 3.783 2.846 2.171 1.638 1.208 0.865 0.574 0.323 0.101 0.039 0.039 0.037 0.045 0.045 0.043 0.043 0.042 0.040 0.040 0.039 0.039 0.038
20.002 20.007 20.004 20.002 20.002 20.005 20.002 20.007 20.001 20.008 20.005 20.003 20.010 20.008 20.010 20.003 20.001 20.003 20.002 20.004 20.007 20.004 20.009 20.002 20.003 20.002 20.008 20.001 20.001 20.007 20.007 20.001 20.007 20.006 20.008 20.003 20.010 20.002 20.007 20.002 20.010 20.006 20.009 20.009 20.005 20.005 20.010 20.010 20.004 20.004 20.010 20.003 20.004 12.584 9.002 6.410 4.569 3.379 2.561 1.944 1.470 1.099 0.794 0.534 0.313 0.101 0.040 0.039 0.038 0.046 0.045 0.044 0.043 0.043 0.042 0.042 0.041
20.003 20.006 20.001 20.001 20.005 20.010 20.004 20.010 20.008 20.004 20.001 20.009 20.006 20.004 20.005 20.010 20.004 20.002 20.009 20.004 20.003 20.005 20.007 20.010 20.006 20.008 20.007 20.003 20.004 20.001 20.001 20.005 20.003 20.003 20.008 20.005 20.008 20.004 20.003 20.006 20.009 20.002 20.001 20.006 20.006 20.010 20.009 20.010 20.006 20.007 20.003 20.006 20.006 20.004 15.331 10.797 7.803 5.549 4.026 3.034 2.335 1.817 1.413 1.081 0.794 0.542 0.323 0.101 0.040 0.039 0.037 0.037 0.037 0.046 0.044 0.044 0.043
20.005 20.006 20.009 20.008 20.003 20.007 20.010 20.006 20.003 20.001 20.006 20.003 20.002 20.003 20.009 20.008 20.003 20.004 20.007 20.002 20.009 20.003 20.008 20.004 20.009 20.008 20.001 20.010 20.002 20.009 20.010 20.005 20.004 20.005 20.002 20.002 20.008 20.009 20.006 20.005 20.005 20.004 20.000 20.001 20.005 20.003 20.003 20.007 20.004 20.005 20.001 20.004 20.004 20.000 20.006 20.010 12.903 9.337 6.771 4.896 3.682 2.870 2.279 1.811 1.425 1.083 0.775 0.502 0.232 0.041 0.041 0.039 0.038 0.037 0.037 0.037 0.046
20.002 20.005 20.007 20.003 20.000 20.010 20.005 20.001 20.010 20.008 20.005 20.010 20.007 20.001 20.008 20.006 20.009 20.008 20.004 20.003 20.004 20.008 20.009 20.001 20.008 20.005 20.003 20.003 20.007 20.004 20.006 20.001 20.010 20.003 20.000 20.004 20.004 20.001 20.004 20.000 20.008 20.004 20.006 20.002 20.001 20.002 20.005 20.000 20.008 20.010 20.006 20.007 20.006 20.001 20.005 20.008 20.009 15.590 11.112 8.254 6.106 4.600 3.596 2.862 2.282 1.794 1.359 0.966 0.597 0.272 0.042 0.041 0.041 0.040 0.040 0.039 0.039
15.220 19.370 20.002 20.006 20.003 20.004 20.009 20.007 20.008 20.010 20.007 20.008 20.007 20.000 20.008 20.003 20.001 20.005 20.005 20.000 20.002 20.003 20.006 20.006 20.005 20.001 20.004 20.006 20.001 20.008 20.009 20.003 20.003 20.006 20.005 20.002 20.007 20.010 20.000 20.004 20.010 20.003 20.001 20.003 20.006 20.009 20.003 20.000 20.007 20.009 20.004 20.005 20.003 20.007 20.009 20.009 20.009 20.009 20.007 13.387 10.047 7.697 5.889 4.552 3.558 2.765 2.105 1.526 1.040 0.628 0.289 0.044 0.043 0.043 0.042 0.042 0.041
9.649 11.606 14.065 17.717 20.003 20.006 20.002 20.002 20.005 20.009 20.001 20.000 20.009 20.007 20.002 20.003 20.006 20.004 20.007 20.005 20.004 20.010 20.008 20.008 20.009 20.000 20.006 20.000 20.004 20.001 20.001 20.005 20.003 20.006 20.007 20.006 20.006 20.005 20.004 20.007 20.001 20.002 20.006 20.002 20.008 20.003 20.009 20.005 20.003 20.004 20.008 20.008 20.003 20.006 20.006 20.005 20.002 20.010 20.006 20.003 16.741 12.309 9.598 7.508 5.710 4.233 3.119 2.256 1.586 1.057 0.632 0.279 0.049 0.045 0.044 0.044 0.044
5.899 7.451 9.307 11.517 14.273 18.545 20.003 20.007 20.004 20.010 20.001 20.005 20.003 20.009 20.003 20.005 20.005 20.008 20.008 20.005 20.000 20.008 20.010 20.006 20.005 20.008 20.003 20.009 20.009 20.004 20.004 20.006 20.002 20.005 20.006 20.007 20.003 20.001 20.008 20.002 20.005 20.003 20.003 20.001 20.009 20.006 20.002 20.007 20.004 20.004 20.006 20.004 20.008 20.008 20.006 20.003 20.009 20.004 20.009 20.003 20.008 20.004 15.481 11.808 9.097 6.697 4.659 3.242 2.277 1.575 1.045 0.627 0.282 0.051 0.041 0.046 0.045
3.576 4.573 6.026 7.914 10.129 12.762 16.174 20.002 20.005 20.005 20.007 20.008 20.007 20.006 20.006 20.002 20.002 20.004 20.009 20.009 20.007 20.007 20.001 20.003 20.008 20.006 20.004 20.004 20.004 20.004 20.004 20.007 20.001 20.001 20.002 20.006 20.007 20.005 20.005 20.000 20.002 20.007 20.001 20.002 20.001 20.007 20.001 20.005 20.010 20.007 20.008 20.004 20.005 20.004 20.010 20.005 20.008 20.001 20.003 20.006 20.009 20.002 20.006 20.010 14.046 10.203 7.142 4.722 3.194 2.218 1.534 1.021 0.612 0.275 0.051 0.050 0.043
2.307 2.982 3.943 5.357 7.321 9.636 12.292 15.467 20.008 20.006 20.007 20.004 20.010 20.000 20.010 20.006 20.005 20.002 20.005 20.006 20.008 20.002 20.005 20.001 20.004 20.003 20.007 20.010 20.005 20.003 20.003 20.001 20.009 20.008 20.009 20.001 20.008 20.001 20.005 20.002 20.004 20.005 20.002 20.004 20.002 20.006 20.008 20.009 20.001 20.006 20.004 20.007 20.006 20.002 20.006 20.008 20.009 20.000 20.010 20.000 20.010 20.001 20.003 20.005 20.008 15.622 10.528 7.015 4.514 3.054 2.136 1.491 0.997 0.606 0.288 0.053 0.050
1.503 2.050 2.776 3.796 5.288 7.386 9.798 12.442 15.377 19.297 20.005 20.007 20.001 20.000 20.003 20.004 20.002 20.004 20.002 17.164 16.636 17.568 20.005 20.001 20.002 20.008 20.001 20.007 20.002 20.003 20.008 20.007 20.000 20.004 20.004 20.009 20.007 20.009 20.002 20.003 20.004 20.009 20.007 20.008 20.003 20.003 20.001 20.008 20.007 20.008 20.003 20.003 20.009 20.003 20.004 20.004 20.002 20.001 20.008 20.006 20.004 20.003 20.002 20.001 20.002 20.003 15.855 10.170 6.585 4.232 2.911 2.062 1.455 0.990 0.617 0.298 0.051
0.904 1.459 2.056 2.849 3.979 5.650 7.880 10.308 12.816 15.198 17.070 19.938 20.010 20.003 20.001 20.006 20.010 20.003 20.009 17.794 13.475 12.114 12.403 13.667 16.154 20.009 20.008 20.002 20.002 20.007 20.010 20.006 20.003 20.000 20.002 20.006 20.002 20.007 20.006 20.005 20.003 20.010 20.006 20.003 20.002 20.007 20.010 20.003 20.006 20.003 20.005 20.001 20.004 20.005 20.004 20.001 20.007 20.003 20.009 20.004 20.009 20.006 20.002 20.009 20.007 20.005 20.005 15.166 9.608 6.172 4.037 2.825 2.024 1.446 0.989 0.626 0.305
0.504 1.016 1.562 2.224 3.124 4.409 6.278 8.568 10.937 13.002 13.959 14.712 14.693 15.822 18.415 20.008 20.008 20.006 20.005 19.330 12.999 9.808 8.649 8.802 9.938 12.073 15.250 20.009 20.008 20.010 20.003 20.002 20.006 20.006 20.008 20.008 20.009 20.005 20.009 20.001 20.003 20.008 20.008 20.007 20.010 20.008 20.004 20.001 20.009 20.001 20.009 20.001 20.002 20.009 20.005 20.000 20.003 20.007 20.010 20.003 20.006 20.009 20.003 20.007 20.002 20.008 20.005 20.003 14.412 9.192 5.934 3.938 2.784 2.021 1.452 0.994 0.619
0.338 0.667 1.203 1.765 2.504 3.535 5.018 7.102 9.432 11.347 11.904 11.772 10.491 11.398 12.720 15.529 20.007 20.010 20.006 14.327 10.179 7.411 6.050 5.923 6.690 8.137 10.025 12.393 15.937 20.010 20.005 20.002 20.002 20.010 20.007 20.008 20.006 20.004 20.001 20.005 20.005 20.002 20.003 20.002 20.005 20.004 20.002 20.002 20.004 20.001 20.004 20.003 20.010 20.004 20.007 20.010 20.010 20.002 20.002 20.002 20.003 20.004 20.005 20.007 20.008 20.001 20.005 20.010 20.005 13.992 9.051 5.901 3.953 2.807 2.033 1.452 0.994
0.355 0.451 0.896 1.416 2.048 2.893 4.071 5.833 8.006 9.599 9.811 8.928 7.807 8.599 9.612 10.609 12.985 17.322 15.331 11.094 7.619 5.335 4.321 4.221 4.733 5.661 7.039 8.763 11.020 13.862 17.908 20.006 20.005 20.006 20.009 20.002 20.008 20.001 20.001 20.009 20.009 20.002 20.008 20.004 20.004 20.003 20.002 20.004 20.000 20.003 20.000 20.005 20.008 20.010 20.010 20.010 20.008 20.007 20.004 20.003 20.001 20.009 20.007 20.006 20.006 20.005 20.005 20.007 20.009 20.003 14.068 9.214 6.093 4.083 2.885 2.070 1.468
0.347 0.309 0.659 1.156 1.705 2.402 3.357 4.716 6.399 7.451 7.323 6.056 5.608 6.561 7.791 8.545 8.806 12.725 12.206 8.561 5.599 3.998 3.273 3.142 3.405 3.996 4.926 6.216 7.872 9.794 11.966 14.458 17.097 19.414 20.006 20.006 20.004 20.006 20.009 20.001 20.001 20.004 20.001 20.010 20.007 20.005 20.004 20.008 20.007 20.003 20.007 20.008 20.007 20.005 20.003 20.010 20.006 20.002 20.008 20.003 20.009 20.005 20.010 20.006 20.002 20.009 20.006 20.004 20.003 20.003 20.004 14.777 9.751 6.517 4.305 2.986 2.109
0.330 0.296 0.517 0.966 1.449 2.045 2.813 3.773 4.748 5.163 4.948 4.244 4.230 5.008 6.534 7.403 6.508 9.622 9.932 6.144 4.175 3.140 2.575 2.408 2.549 2.913 3.479 4.284 5.443 6.917 8.667 10.596 12.486 13.931 14.560 17.262 20.003 20.009 20.008 20.009 20.008 20.005 20.009 20.010 20.001 20.006 20.006 20.002 20.004 20.004 20.003 20.000 20.006 20.001 20.006 20.010 20.004 20.008 20.001 20.004 20.007 20.010 20.003 20.006 20.010 20.003 20.007 20.002 20.007 20.003 20.010 20.009 16.269 10.561 7.025 4.531 3.061
0.312 0.288 0.474 0.866 1.323 1.834 2.431 3.049 3.464 3.493 3.393 3.111 3.226 3.997 5.759 6.532 5.317 7.964 7.888 3.954 3.294 2.345 1.696 1.539 1.677 2.075 2.571 3.091 3.828 4.874 6.347 8.055 9.712 10.906 11.358 13.677 18.617 20.004 20.002 20.005 20.008 20.005 20.009 20.010 20.004 20.004 20.002 20.003 20.010 20.005 20.009 20.002 20.005 20.007 20.009 20.001 20.002 20.003 20.004 20.005 20.005 20.006 20.006 20.006 20.006 20.006 20.007 20.008 20.010 20.002 20.005 20.010 20.005 18.433 11.293 7.396 4.681
0.294 0.271 0.530 0.916 1.325 1.771 2.219 2.551 2.628 2.538 2.498 2.429 2.630 3.534 5.743 5.451 4.176 7.711 5.477 2.688 2.642 1.588 1.152 1.039 1.107 1.337 1.697 2.252 2.878 3.698 4.816 6.195 7.639 8.760 9.196 11.142 14.181 18.298 20.004 20.005 20.002 20.007 20.005 20.005 20.010 20.005 20.010 20.009 20.002 20.001 20.003 20.002 20.002 20.001 20.001 20.010 20.009 20.008 20.007 20.005 20.003 20.001 20.008 20.006 20.003 20.000 20.007 20.004 20.002 20.000 20.009 20.010 20.001 20.005 20.001 11.729 7.569
0.274 0.410 0.712 1.098 1.448 1.822 2.134 2.262 2.161 2.072 2.048 2.082 2.411 3.731 6.306 4.166 4.160 7.572 4.184 2.635 1.802 1.094 0.777 0.689 0.733 0.872 1.098 1.416 1.976 2.944 3.895 4.835 5.773 6.702 7.637 8.962 10.958 13.424 16.393 20.004 20.001 20.006 20.004 20.005 20.002 20.007 20.004 20.005 20.007 20.010 20.001 20.010 20.008 20.005 20.002 20.009 20.007 20.003 20.009 20.005 20.001 20.006 20.001 20.005 20.009 20.002 20.006 20.009 20.003 20.007 20.002 20.009 20.006 20.005 20.007 20.010 11.887
