total_surface_load.grd
DSAA
         561         521
    -2800.000000     2800.000000
    -2600.000000     2600.000000
       -5.216000        4.081000
[rows 462 to 494 of 521, columns 296 to 369 of 561]
-1.086 -1.021 -1.253 -1.607 -1.734 -1.823 -1.656 -1.423 -1.213 -1.298 -1.391 -1.455 -1.517 -1.610 -1.690 -1.767 -1.814 -1.848 -1.869 -1.841 -1.817 -1.817 -1.802 -1.754 -1.713 -1.650 -1.586 -1.498 -1.430 -1.368 -1.374 -1.398 -1.363 -1.237 -1.202 -1.188 -1.169 -1.302 -1.485 -1.479 -1.482 -1.449 -1.180 -1.122 -1.282 -1.197 -1.349 -1.417 -1.411 -1.442 -1.471 -1.484 -1.363 -1.383 -1.155 -1.195 -1.307 -1.383 -1.521 -1.564 -1.531 -1.502 -1.480 -1.415 -1.210 -0.882 -0.793 -0.825 -0.802 -0.755 -0.649 -0.644 -0.762 -0.822
-1.033 -1.068 -1.394 -1.536 -1.696 -1.751 -1.769 -1.687 -1.340 -1.392 -1.463 -1.511 -1.579 -1.677 -1.769 -1.819 -1.842 -1.852 -1.880 -1.864 -1.845 -1.837 -1.834 -1.814 -1.721 -1.611 -1.600 -1.542 -1.499 -1.379 -1.381 -1.422 -1.385 -1.279 -1.247 -1.235 -1.255 -1.342 -1.438 -1.486 -1.476 -1.464 -1.280 -1.266 -1.132 -1.079 -1.413 -1.451 -1.444 -1.467 -1.432 -1.145 -0.964 -0.949 -0.986 -1.136 -1.328 -1.471 -1.517 -1.520 -1.503 -1.441 -1.362 -1.245 -1.053 -0.743 -0.737 -0.745 -0.760 -0.700 -0.623 -0.622 -0.671 -0.780
-1.023 -1.117 -1.259 -1.293 -1.493 -1.531 -1.714 -1.759 -1.455 -1.443 -1.557 -1.623 -1.631 -1.720 -1.815 -1.862 -1.888 -1.888 -1.874 -1.869 -1.860 -1.855 -1.852 -1.801 -1.727 -1.654 -1.607 -1.547 -1.505 -1.441 -1.436 -1.400 -1.343 -1.280 -1.273 -1.266 -1.291 -1.346 -1.369 -1.493 -1.476 -1.476 -1.349 -1.333 -1.105 -1.122 -1.362 -1.464 -1.474 -1.379 -1.445 -1.164 -0.969 -0.943 -1.072 -1.263 -1.396 -1.452 -1.482 -1.470 -1.424 -1.354 -1.287 -1.112 -0.845 -0.674 -0.682 -0.702 -0.710 -0.659 -0.621 -0.616 -0.626 -0.686
-1.032 -1.044 -0.977 -1.089 -1.170 -1.362 -1.671 -1.763 -1.594 -1.524 -1.687 -1.776 -1.754 -1.791 -1.844 -1.896 -1.912 -1.890 -1.872 -1.867 -1.864 -1.855 -1.804 -1.798 -1.741 -1.663 -1.605 -1.554 -1.482 -1.441 -1.459 -1.401 -1.353 -1.337 -1.326 -1.326 -1.280 -1.346 -1.353 -1.395 -1.462 -1.480 -1.400 -1.357 -1.165 -1.258 -1.426 -1.441 -1.265 -1.252 -1.459 -1.211 -1.071 -1.065 -1.277 -1.394 -1.415 -1.448 -1.462 -1.425 -1.346 -1.255 -1.140 -0.991 -0.705 -0.641 -0.663 -0.679 -0.687 -0.654 -0.620 -0.610 -0.626 -0.651
-1.040 -1.044 -0.975 -0.954 -0.981 -1.197 -1.485 -1.697 -1.701 -1.608 -1.768 -1.832 -1.837 -1.826 -1.824 -1.897 -1.880 -1.844 -1.846 -1.863 -1.863 -1.847 -1.789 -1.816 -1.646 -1.637 -1.616 -1.547 -1.476 -1.470 -1.470 -1.446 -1.433 -1.454 -1.451 -1.422 -1.256 -1.348 -1.352 -1.357 -1.450 -1.471 -1.435 -1.370 -1.325 -1.451 -1.464 -1.192 -1.175 -1.427 -1.499 -1.359 -1.273 -1.250 -1.341 -1.385 -1.416 -1.440 -1.437 -1.379 -1.288 -1.171 -1.058 -0.863 -0.642 -0.641 -0.649 -0.651 -0.662 -0.636 -0.596 -0.598 -0.625 -0.641
-1.065 -1.059 -0.977 -0.949 -0.955 -1.051 -1.397 -1.689 -1.731 -1.701 -1.799 -1.869 -1.896 -1.889 -1.855 -1.870 -1.799 -1.736 -1.810 -1.829 -1.746 -1.796 -1.755 -1.721 -1.624 -1.610 -1.594 -1.499 -1.472 -1.475 -1.483 -1.487 -1.485 -1.481 -1.483 -1.460 -1.352 -1.408 -1.369 -1.413 -1.473 -1.465 -1.446 -1.421 -1.442 -1.486 -1.397 -1.180 -1.284 -1.507 -1.519 -1.428 -1.301 -1.245 -1.292 -1.346 -1.401 -1.427 -1.413 -1.341 -1.182 -1.020 -0.906 -0.740 -0.647 -0.640 -0.646 -0.650 -0.637 -0.602 -0.590 -0.593 -0.609 -0.635
-1.065 -1.056 -1.012 -0.989 -0.986 -1.036 -1.361 -1.659 -1.668 -1.477 -1.440 -1.661 -1.870 -1.934 -1.890 -1.841 -1.750 -1.717 -1.809 -1.798 -1.638 -1.718 -1.765 -1.749 -1.651 -1.603 -1.540 -1.467 -1.468 -1.479 -1.495 -1.516 -1.522 -1.505 -1.522 -1.500 -1.458 -1.451 -1.436 -1.418 -1.438 -1.403 -1.422 -1.435 -1.447 -1.458 -1.361 -1.207 -1.260 -1.443 -1.454 -1.392 -1.156 -1.182 -1.294 -1.335 -1.376 -1.418 -1.407 -1.291 -1.142 -0.919 -0.695 -0.632 -0.675 -0.692 -0.647 -0.630 -0.608 -0.589 -0.589 -0.594 -0.600 -0.621
-1.060 -1.033 -1.025 -1.017 -0.976 -0.982 -1.202 -1.569 -1.497 -1.642 -1.457 -1.463 -1.790 -1.907 -1.858 -1.835 -1.815 -1.799 -1.702 -1.612 -1.611 -1.705 -1.722 -1.683 -1.616 -1.525 -1.476 -1.470 -1.473 -1.484 -1.499 -1.520 -1.539 -1.498 -1.511 -1.519 -1.511 -1.493 -1.460 -1.404 -1.358 -1.345 -1.375 -1.415 -1.412 -1.410 -1.360 -1.231 -1.221 -1.336 -1.352 -1.216 -1.064 -1.167 -1.294 -1.343 -1.385 -1.433 -1.376 -1.251 -1.097 -0.808 -0.680 -0.643 -0.740 -0.693 -0.623 -0.631 -0.609 -0.584 -0.574 -0.576 -0.574 -0.589
-1.074 -1.020 -0.995 -0.983 -0.978 -0.962 -1.137 -1.494 -1.575 -1.662 -1.779 -1.790 -1.798 -1.818 -1.786 -1.819 -1.776 -1.742 -1.667 -1.597 -1.599 -1.603 -1.612 -1.554 -1.546 -1.512 -1.484 -1.480 -1.481 -1.486 -1.495 -1.506 -1.513 -1.515 -1.519 -1.527 -1.528 -1.501 -1.453 -1.397 -1.356 -1.343 -1.339 -1.349 -1.344 -1.342 -1.337 -1.247 -1.181 -1.185 -1.146 -1.049 -1.086 -1.204 -1.281 -1.357 -1.410 -1.420 -1.348 -1.225 -1.013 -0.761 -0.674 -0.652 -0.723 -0.673 -0.636 -0.635 -0.613 -0.576 -0.540 -0.531 -0.527 -0.549
-1.101 -0.994 -0.967 -0.966 -0.976 -0.966 -1.036 -1.297 -1.558 -1.714 -1.757 -1.786 -1.823 -1.789 -1.713 -1.723 -1.686 -1.651 -1.589 -1.587 -1.608 -1.604 -1.578 -1.557 -1.548 -1.521 -1.499 -1.489 -1.484 -1.486 -1.488 -1.491 -1.488 -1.511 -1.515 -1.525 -1.535 -1.502 -1.449 -1.395 -1.353 -1.307 -1.333 -1.361 -1.339 -1.324 -1.237 -1.186 -1.201 -1.191 -1.094 -1.056 -1.095 -1.217 -1.267 -1.311 -1.356 -1.358 -1.252 -1.119 -0.879 -0.708 -0.662 -0.634 -0.639 -0.628 -0.621 -0.633 -0.616 -0.576 -0.518 -0.487 -0.480 -0.487
-1.204 -1.001 -0.952 -0.942 -0.964 -0.983 -1.019 -1.040 -1.331 -1.668 -1.743 -1.749 -1.771 -1.696 -1.592 -1.543 -1.514 -1.488 -1.510 -1.573 -1.601 -1.544 -1.535 -1.570 -1.562 -1.522 -1.501 -1.492 -1.489 -1.478 -1.437 -1.427 -1.400 -1.443 -1.478 -1.500 -1.514 -1.482 -1.428 -1.291 -1.239 -1.239 -1.297 -1.332 -1.311 -1.241 -1.197 -1.224 -1.232 -1.145 -1.070 -1.100 -1.156 -1.231 -1.270 -1.299 -1.309 -1.287 -1.199 -0.939 -0.736 -0.650 -0.611 -0.588 -0.580 -0.567 -0.568 -0.568 -0.555 -0.505 -0.471 -0.430 -0.416 -0.400
-1.408 -1.121 -0.974 -0.938 -0.986 -0.997 -1.002 -1.015 -1.161 -1.509 -1.685 -1.739 -1.718 -1.579 -1.493 -1.488 -1.490 -1.489 -1.523 -1.586 -1.589 -1.486 -1.490 -1.537 -1.549 -1.502 -1.492 -1.492 -1.490 -1.455 -1.377 -1.364 -1.376 -1.408 -1.439 -1.454 -1.451 -1.440 -1.410 -1.300 -1.238 -1.250 -1.285 -1.302 -1.280 -1.234 -1.217 -1.231 -1.226 -1.189 -1.160 -1.180 -1.234 -1.237 -1.219 -1.271 -1.216 -1.114 -0.941 -0.714 -0.638 -0.610 -0.587 -0.584 -0.556 -0.527 -0.514 -0.493 -0.477 -0.387 -0.340 -0.315 -0.248 -0.208
-1.424 -1.301 -1.094 -0.967 -1.013 -1.006 -1.004 -0.999 -1.050 -1.324 -1.583 -1.664 -1.678 -1.556 -1.504 -1.500 -1.488 -1.478 -1.524 -1.565 -1.516 -1.492 -1.479 -1.491 -1.495 -1.480 -1.483 -1.491 -1.488 -1.440 -1.376 -1.376 -1.376 -1.362 -1.378 -1.388 -1.390 -1.405 -1.402 -1.403 -1.324 -1.291 -1.299 -1.299 -1.280 -1.258 -1.247 -1.248 -1.246 -1.239 -1.236 -1.248 -1.251 -1.213 -1.181 -1.107 -0.987 -0.778 -0.653 -0.601 -0.588 -0.579 -0.573 -0.571 -0.526 -0.472 -0.428 -0.405 -0.355 -0.235 -0.165 -0.071 0.063 0.299
-1.449 -1.340 -1.194 -1.038 -1.028 -1.017 -0.991 -0.983 -1.004 -1.189 -1.370 -1.477 -1.570 -1.535 -1.510 -1.501 -1.434 -1.405 -1.448 -1.495 -1.444 -1.390 -1.424 -1.414 -1.431 -1.465 -1.481 -1.440 -1.448 -1.422 -1.381 -1.352 -1.206 -1.148 -1.169 -1.218 -1.298 -1.302 -1.299 -1.318 -1.327 -1.291 -1.304 -1.304 -1.282 -1.274 -1.268 -1.262 -1.261 -1.252 -1.218 -1.213 -1.181 -1.122 -1.025 -0.826 -0.685 -0.602 -0.573 -0.576 -0.560 -0.542 -0.528 -0.507 -0.449 -0.388 -0.285 -0.271 -0.256 -0.116 -0.004 0.175 0.222 0.042
-1.571 -1.467 -1.281 -1.072 -1.052 -1.003 -0.961 -0.966 -0.965 -0.983 -1.155 -1.341 -1.478 -1.492 -1.495 -1.497 -1.438 -1.386 -1.387 -1.392 -1.357 -1.313 -1.352 -1.360 -1.360 -1.375 -1.398 -1.346 -1.251 -1.284 -1.305 -1.244 -1.102 -1.016 -0.999 -1.044 -1.137 -1.182 -1.179 -1.208 -1.259 -1.249 -1.256 -1.263 -1.267 -1.284 -1.281 -1.273 -1.273 -1.245 -1.195 -1.161 -1.085 -0.923 -0.675 -0.593 -0.554 -0.556 -0.562 -0.567 -0.543 -0.520 -0.488 -0.459 -0.405 -0.327 -0.211 -0.149 -0.086 -0.036 0.036 0.258 0.072 -0.039
-1.522 -1.374 -1.425 -1.058 -1.022 -0.937 -0.872 -0.861 -0.904 -0.900 -0.962 -1.144 -1.305 -1.403 -1.424 -1.463 -1.433 -1.383 -1.364 -1.325 -1.164 -1.180 -1.262 -1.359 -1.355 -1.354 -1.306 -1.200 -1.117 -1.058 -1.098 -1.077 -1.049 -1.015 -1.004 -0.999 -1.045 -1.134 -1.154 -1.174 -1.215 -1.235 -1.235 -1.246 -1.251 -1.284 -1.275 -1.272 -1.251 -1.203 -1.203 -1.102 -0.848 -0.636 -0.540 -0.510 -0.512 -0.526 -0.521 -0.500 -0.485 -0.476 -0.440 -0.420 -0.416 -0.309 -0.157 -0.063 0.026 0.118 0.070 0.061 0.156 0.170
-2.012 -1.502 -1.330 -1.050 -1.009 -0.831 -0.757 -0.717 -0.738 -0.783 -0.848 -0.954 -1.035 -1.145 -1.231 -1.327 -1.367 -1.373 -1.348 -1.234 -1.132 -1.029 -1.117 -1.265 -1.256 -1.188 -1.175 -1.049 -0.946 -0.922 -0.958 -0.971 -0.997 -1.008 -1.004 -0.997 -1.005 -1.045 -1.095 -1.130 -1.178 -1.211 -1.226 -1.248 -1.275 -1.249 -1.162 -1.054 -1.012 -0.921 -0.940 -0.825 -0.603 -0.525 -0.513 -0.521 -0.518 -0.496 -0.466 -0.432 -0.396 -0.319 -0.274 -0.237 -0.282 -0.275 -0.141 0.037 0.203 0.425 0.421 0.232 0.180 0.085
-2.164 -1.482 -1.449 -1.323 -1.082 -0.787 -0.702 -0.664 -0.625 -0.636 -0.696 -0.761 -0.836 -0.908 -0.981 -1.048 -1.161 -1.220 -1.195 -1.146 -1.023 -0.992 -0.998 -1.011 -0.974 -0.930 -0.952 -0.926 -0.890 -0.867 -0.882 -0.918 -0.953 -0.984 -0.977 -0.968 -0.988 -1.015 -1.059 -1.103 -1.148 -1.186 -1.209 -1.247 -1.275 -1.119 -0.891 -0.735 -0.730 -0.671 -0.628 -0.590 -0.524 -0.495 -0.491 -0.499 -0.532 -0.520 -0.457 -0.352 -0.299 -0.201 -0.145 -0.140 -0.129 0.029 -0.142 0.077 0.406 0.776 0.428 0.262 0.083 0.188
-2.296 -1.438 -1.359 -1.604 -1.382 -0.793 -0.660 -0.632 -0.599 -0.598 -0.616 -0.668 -0.731 -0.799 -0.843 -0.875 -0.951 -1.022 -1.023 -1.007 -0.971 -0.909 -0.870 -0.855 -0.848 -0.852 -0.862 -0.853 -0.833 -0.840 -0.850 -0.882 -0.907 -0.913 -0.892 -0.917 -0.970 -1.010 -1.048 -1.090 -1.142 -1.188 -1.214 -1.240 -1.269 -1.001 -0.795 -0.720 -0.665 -0.611 -0.553 -0.532 -0.514 -0.504 -0.491 -0.451 -0.448 -0.535 -0.446 -0.282 -0.184 -0.092 -0.040 -0.046 0.034 0.599 -0.002 0.316 0.360 0.591 0.335 0.357 0.202 0.239
-2.302 -1.433 -1.290 -1.557 -1.574 -1.024 -0.685 -0.605 -0.589 -0.596 -0.599 -0.623 -0.677 -0.729 -0.773 -0.797 -0.823 -0.817 -0.818 -0.892 -0.895 -0.862 -0.832 -0.755 -0.745 -0.743 -0.775 -0.778 -0.733 -0.742 -0.788 -0.852 -0.885 -0.881 -0.872 -0.902 -0.978 -1.012 -1.050 -1.093 -1.146 -1.198 -1.225 -1.235 -1.109 -0.904 -0.716 -0.730 -0.690 -0.616 -0.532 -0.509 -0.501 -0.496 -0.492 -0.484 -0.393 -0.389 -0.484 -0.288 -0.141 -0.066 0.051 0.200 0.353 0.731 0.068 0.396 0.472 0.435 0.474 0.418 0.252 0.317
-2.279 -1.662 -1.516 -1.561 -1.363 -1.250 -0.927 -0.927 -0.688 -0.593 -0.603 -0.610 -0.636 -0.664 -0.692 -0.699 -0.690 -0.678 -0.685 -0.709 -0.741 -0.718 -0.736 -0.678 -0.622 -0.678 -0.677 -0.669 -0.644 -0.625 -0.694 -0.767 -0.861 -0.879 -0.878 -0.900 -1.006 -1.032 -1.063 -1.104 -1.149 -1.185 -1.174 -1.166 -1.043 -0.830 -0.646 -0.632 -0.680 -0.663 -0.573 -0.460 -0.451 -0.431 -0.412 -0.429 -0.438 -0.413 -0.437 -0.353 -0.208 -0.121 0.070 0.409 0.828 0.814 0.090 0.396 0.380 0.481 0.542 0.560 0.358 0.449
-2.284 -1.897 -1.587 -1.313 -1.392 -1.409 -1.269 -1.382 -1.059 -0.654 -0.610 -0.607 -0.611 -0.622 -0.625 -0.617 -0.606 -0.598 -0.592 -0.570 -0.559 -0.563 -0.569 -0.581 -0.594 -0.589 -0.606 -0.592 -0.567 -0.566 -0.604 -0.691 -0.836 -0.889 -0.915 -0.964 -1.026 -1.047 -1.076 -1.111 -1.121 -1.099 -1.061 -0.935 -0.830 -0.716 -0.627 -0.556 -0.532 -0.698 -0.691 -0.463 -0.395 -0.363 -0.301 -0.248 -0.227 -0.250 -0.156 -0.277 -0.287 -0.238 0.022 0.722 1.132 0.765 0.316 0.243 0.514 0.882 0.915 0.564 0.740 0.673
-2.413 -2.255 -1.866 -1.487 -1.436 -1.450 -1.371 -1.436 -1.331 -0.747 -0.581 -0.605 -0.612 -0.617 -0.619 -0.595 -0.560 -0.517 -0.479 -0.458 -0.437 -0.444 -0.463 -0.476 -0.511 -0.548 -0.570 -0.567 -0.533 -0.568 -0.604 -0.657 -0.806 -0.914 -0.967 -1.025 -1.053 -1.066 -1.086 -1.095 -1.056 -0.992 -0.874 -0.713 -0.639 -0.628 -0.607 -0.559 -0.500 -0.560 -0.746 -0.556 -0.364 -0.224 -0.173 -0.098 0.068 -0.055 0.365 0.132 0.422 0.105 0.280 0.363 0.637 0.550 0.521 0.440 0.513 0.852 0.887 0.611 0.709 0.366
-2.399 -2.299 -1.951 -1.770 -1.627 -1.618 -1.586 -1.435 -1.408 -1.052 -0.561 -0.606 -0.615 -0.617 -0.601 -0.557 -0.493 -0.446 -0.410 -0.389 -0.389 -0.391 -0.409 -0.444 -0.467 -0.519 -0.556 -0.576 -0.596 -0.613 -0.676 -0.740 -0.846 -0.956 -1.010 -1.045 -1.072 -1.085 -1.078 -1.018 -0.924 -0.813 -0.673 -0.621 -0.603 -0.593 -0.589 -0.540 -0.503 -0.466 -0.640 -0.596 -0.211 -0.066 0.232 -0.014 0.315 0.184 0.160 0.302 0.759 0.676 0.040 0.421 0.438 0.687 0.517 0.909 0.736 0.826 0.959 0.677 0.351 0.063
-2.383 -2.352 -2.112 -1.875 -1.909 -1.931 -1.849 -1.533 -1.562 -1.370 -0.791 -0.610 -0.581 -0.567 -0.545 -0.509 -0.450 -0.406 -0.386 -0.368 -0.367 -0.382 -0.402 -0.441 -0.483 -0.535 -0.578 -0.602 -0.628 -0.690 -0.811 -0.918 -0.981 -1.038 -1.055 -1.067 -1.059 -1.030 -0.990 -0.913 -0.770 -0.656 -0.602 -0.586 -0.567 -0.556 -0.534 -0.504 -0.469 -0.396 -0.540 -0.650 -0.249 0.021 0.230 0.217 0.096 0.556 0.271 0.537 1.201 0.736 -0.022 0.337 0.509 0.736 0.572 1.106 0.990 1.167 1.049 0.768 0.591 0.682
-2.400 -2.403 -2.355 -2.232 -2.178 -2.151 -2.066 -1.881 -1.839 -1.463 -1.049 -0.655 -0.565 -0.517 -0.495 -0.482 -0.453 -0.400 -0.374 -0.370 -0.372 -0.389 -0.425 -0.472 -0.533 -0.581 -0.615 -0.654 -0.698 -0.755 -0.885 -1.013 -1.081 -1.091 -1.091 -1.065 -0.981 -0.921 -0.910 -0.756 -0.661 -0.603 -0.590 -0.578 -0.560 -0.542 -0.522 -0.477 -0.404 -0.381 -0.387 -0.235 -0.152 0.051 0.312 0.304 0.261 0.601 0.646 0.461 1.200 0.915 0.127 0.344 0.547 0.659 0.790 0.664 0.983 1.183 0.996 0.913 1.009 0.704
-2.293 -2.343 -2.353 -2.292 -2.241 -2.203 -2.194 -2.126 -2.052 -1.785 -1.392 -0.877 -0.697 -0.774 -0.482 -0.481 -0.467 -0.428 -0.383 -0.389 -0.411 -0.434 -0.484 -0.532 -0.589 -0.648 -0.711 -0.787 -0.828 -0.878 -1.026 -1.133 -1.177 -1.134 -1.092 -1.016 -0.918 -0.840 -0.720 -0.650 -0.583 -0.565 -0.560 -0.575 -0.567 -0.532 -0.503 -0.468 -0.403 -0.251 -0.145 0.305 -0.024 0.429 0.294 0.363 0.579 0.919 0.878 0.722 1.207 0.638 0.811 0.175 0.845 0.948 0.965 1.006 1.394 1.313 1.247 1.196 0.920 0.217
-2.280 -2.285 -2.293 -2.280 -2.202 -2.144 -2.215 -2.155 -2.071 -1.904 -1.740 -1.424 -1.256 -0.996 -0.594 -0.511 -0.504 -0.481 -0.439 -0.451 -0.487 -0.521 -0.553 -0.613 -0.693 -0.792 -0.885 -0.966 -1.039 -1.145 -1.242 -1.235 -1.207 -1.136 -1.004 -0.916 -0.809 -0.673 -0.609 -0.566 -0.546 -0.557 -0.540 -0.547 -0.555 -0.524 -0.478 -0.433 -0.305 -0.222 -0.108 0.408 0.239 0.050 0.489 0.759 0.867 0.942 1.162 1.122 1.163 0.700 0.519 0.218 1.115 1.058 1.053 1.399 1.596 1.506 1.403 1.103 0.410 0.116
-2.289 -2.287 -2.278 -2.249 -2.167 -2.139 -2.140 -2.142 -2.140 -1.960 -1.824 -1.561 -1.276 -0.991 -0.650 -0.589 -0.577 -0.558 -0.545 -0.548 -0.580 -0.622 -0.682 -0.763 -0.864 -0.956 -1.054 -1.116 -1.242 -1.311 -1.308 -1.246 -1.205 -1.080 -0.813 -0.788 -0.696 -0.621 -0.575 -0.548 -0.544 -0.561 -0.561 -0.539 -0.534 -0.498 -0.428 -0.325 -0.252 -0.116 0.152 0.364 0.328 0.146 0.313 1.249 1.427 1.347 1.198 0.951 0.995 1.077 0.710 0.550 0.440 1.072 1.448 1.586 1.546 1.493 1.195 0.610 0.210 0.580
-2.304 -2.297 -2.279 -2.227 -2.173 -2.150 -2.149 -2.145 -2.156 -2.158 -1.991 -1.514 -1.052 -0.913 -0.761 -0.733 -0.713 -0.690 -0.693 -0.707 -0.728 -0.793 -0.891 -0.956 -1.079 -1.154 -1.321 -1.378 -1.376 -1.329 -1.288 -1.227 -1.149 -0.941 -0.785 -0.696 -0.624 -0.598 -0.584 -0.550 -0.552 -0.574 -0.581 -0.569 -0.519 -0.455 -0.376 -0.318 -0.263 -0.168 0.278 0.453 0.447 0.323 0.187 0.614 1.302 1.594 1.312 1.279 1.391 1.483 1.162 0.686 0.673 1.422 1.577 1.618 1.501 1.128 0.867 0.545 0.822 0.669
-2.324 -2.312 -2.282 -2.231 -2.175 -2.135 -2.141 -2.169 -2.163 -2.173 -2.009 -1.453 -1.222 -1.140 -1.054 -0.970 -0.905 -0.895 -0.895 -0.890 -0.905 -1.045 -1.231 -1.373 -1.575 -1.509 -1.487 -1.453 -1.404 -1.344 -1.280 -1.212 -0.987 -0.819 -0.733 -0.677 -0.636 -0.599 -0.585 -0.579 -0.592 -0.600 -0.594 -0.528 -0.452 -0.411 -0.343 -0.213 -0.025 -0.057 0.035 0.209 0.413 0.427 0.735 0.996 0.635 0.873 1.188 1.555 1.796 1.649 1.165 1.040 0.901 1.072 1.356 1.437 1.238 0.733 0.292 0.857 0.714 0.577
-2.165 -2.289 -2.293 -2.244 -2.178 -2.102 -2.075 -2.165 -2.122 -2.056 -1.970 -1.848 -1.723 -1.523 -1.374 -1.215 -1.097 -1.048 -1.088 -1.119 -1.153 -1.324 -1.515 -1.612 -1.627 -1.587 -1.525 -1.454 -1.403 -1.368 -1.287 -1.171 -0.918 -0.801 -0.727 -0.658 -0.639 -0.603 -0.605 -0.607 -0.606 -0.592 -0.574 -0.534 -0.461 -0.378 -0.215 -0.013 0.192 0.290 0.050 0.489 0.730 1.019 0.843 0.994 0.770 0.746 0.932 1.503 1.845 1.613 1.227 1.556 1.195 0.747 1.062 1.284 1.269 0.767 0.243 0.746 0.405 0.398
-1.929 -2.058 -2.136 -2.183 -2.136 -2.077 -2.035 -2.047 -2.062 -2.057 -2.041 -1.992 -1.919 -1.848 -1.790 -1.675 -1.538 -1.485 -1.502 -1.596 -1.623 -1.624 -1.661 -1.679 -1.656 -1.588 -1.517 -1.461 -1.413 -1.383 -1.301 -1.105 -0.956 -0.826 -0.708 -0.654 -0.648 -0.636 -0.631 -0.617 -0.591 -0.596 -0.597 -0.548 -0.462 -0.205 0.041 -0.005 0.359 0.354 0.244 0.517 0.579 1.059 1.266 1.197 0.886 1.025 1.107 1.287 1.518 1.509 1.170 1.144 1.243 0.792 0.986 1.161 0.577 0.288 0.316 -0.070 -0.005 0.182
