total_surface_load.grd
DSAA
         561         521
    -2800.000000     2800.000000
    -2600.000000     2600.000000
       -5.216000        4.081000
[rows 429 to 461 of 521, columns 222 to 295 of 561]
-2.555 -2.519 -2.452 -2.244 -1.987 -1.755 -1.780 -2.466 -2.698 -2.635 -2.355 -2.328 -2.207 -2.295 -2.539 -2.563 -2.644 -2.703 -2.779 -2.788 -2.787 -2.817 -2.863 -2.900 -2.926 -2.964 -2.997 -2.993 -2.984 -2.975 -2.975 -2.970 -2.967 -2.961 -2.953 -2.947 -2.939 -2.910 -2.825 -2.576 -2.412 -2.236 -1.890 -1.741 -1.768 -1.761 -1.503 -1.014 -0.892 -0.850 -0.839 -0.994 -1.401 -1.796 -2.529 -2.683 -2.730 -2.755 -2.759 -2.750 -2.744 -2.743 -2.743 -2.704 -2.526 -2.529 -2.626 -2.644 -2.638 -2.630 -2.621 -2.555 -2.407 -2.269
-2.546 -2.521 -2.445 -2.217 -1.757 -1.760 -2.115 -2.489 -2.711 -2.643 -2.373 -2.374 -2.309 -2.420 -2.507 -2.585 -2.650 -2.713 -2.770 -2.793 -2.863 -2.848 -2.866 -2.894 -2.913 -2.942 -2.984 -2.985 -2.984 -2.981 -2.979 -2.975 -2.970 -2.965 -2.959 -2.958 -2.955 -2.924 -2.867 -2.649 -2.390 -2.142 -1.685 -1.657 -1.719 -1.706 -1.330 -1.010 -0.910 -0.860 -0.836 -0.926 -1.512 -1.984 -2.479 -2.672 -2.728 -2.758 -2.778 -2.754 -2.745 -2.742 -2.738 -2.686 -2.446 -2.210 -2.333 -2.575 -2.626 -2.620 -2.584 -2.426 -2.256 -2.116
-2.536 -2.509 -2.455 -2.392 -2.336 -2.200 -2.278 -2.564 -2.763 -2.695 -2.456 -2.389 -2.402 -2.412 -2.443 -2.480 -2.502 -2.629 -2.800 -2.746 -2.840 -2.859 -2.874 -2.894 -2.910 -2.930 -2.956 -2.969 -2.975 -2.977 -2.976 -2.974 -2.971 -2.967 -2.962 -2.968 -2.968 -2.939 -2.894 -2.857 -2.694 -2.139 -1.394 -1.692 -1.876 -1.693 -1.266 -0.999 -0.938 -0.888 -0.853 -0.905 -1.375 -1.845 -2.312 -2.609 -2.700 -2.742 -2.759 -2.748 -2.742 -2.744 -2.735 -2.709 -2.594 -2.481 -2.191 -2.304 -2.572 -2.600 -2.567 -2.386 -2.168 -1.987
-2.538 -2.512 -2.464 -2.411 -2.369 -2.294 -2.368 -2.497 -2.652 -2.645 -2.464 -2.404 -2.478 -2.470 -2.520 -2.457 -2.485 -2.721 -2.818 -2.635 -2.828 -2.827 -2.789 -2.870 -2.907 -2.921 -2.944 -2.960 -2.968 -2.971 -2.971 -2.973 -2.973 -2.971 -2.967 -2.974 -2.965 -2.948 -2.921 -2.882 -2.829 -2.436 -1.760 -1.866 -2.067 -2.009 -1.716 -1.120 -0.973 -0.914 -0.881 -0.862 -1.131 -1.683 -2.122 -2.425 -2.626 -2.705 -2.717 -2.740 -2.767 -2.762 -2.735 -2.716 -2.699 -2.640 -2.456 -2.236 -2.550 -2.608 -2.607 -2.436 -2.182 -1.929
-2.545 -2.525 -2.497 -2.448 -2.384 -2.339 -2.383 -2.410 -2.358 -2.576 -2.413 -2.395 -2.342 -2.307 -2.465 -2.451 -2.515 -2.764 -2.809 -2.770 -2.857 -2.884 -2.746 -2.838 -2.909 -2.918 -2.935 -2.948 -2.957 -2.960 -2.963 -2.969 -2.971 -2.974 -2.980 -2.976 -2.959 -2.958 -2.959 -2.910 -2.835 -2.568 -2.246 -2.154 -2.178 -2.146 -2.064 -1.465 -1.002 -0.940 -0.894 -0.875 -1.027 -1.454 -1.762 -2.187 -2.441 -2.603 -2.688 -2.745 -2.762 -2.747 -2.732 -2.712 -2.689 -2.671 -2.649 -2.471 -2.564 -2.583 -2.417 -2.501 -2.260 -1.961
-2.549 -2.533 -2.517 -2.487 -2.434 -2.371 -2.304 -2.305 -2.413 -2.543 -2.132 -2.089 -1.965 -2.087 -2.438 -2.413 -2.419 -2.716 -2.796 -2.810 -2.841 -2.863 -2.820 -2.874 -2.896 -2.905 -2.920 -2.935 -2.948 -2.957 -2.963 -2.964 -2.964 -2.973 -2.982 -2.969 -2.965 -2.970 -2.972 -2.940 -2.742 -2.174 -2.089 -2.199 -2.203 -2.185 -2.156 -1.783 -1.047 -0.971 -0.943 -0.953 -0.961 -1.128 -1.572 -1.885 -2.119 -2.311 -2.548 -2.633 -2.687 -2.671 -2.724 -2.697 -2.671 -2.646 -2.660 -2.662 -2.628 -2.565 -2.504 -2.540 -2.427 -2.234
-2.546 -2.531 -2.519 -2.494 -2.442 -2.370 -2.288 -2.216 -2.447 -2.687 -2.524 -2.323 -1.849 -2.201 -2.482 -2.436 -2.462 -2.638 -2.783 -2.790 -2.774 -2.830 -2.849 -2.861 -2.875 -2.889 -2.902 -2.919 -2.942 -2.961 -2.971 -2.967 -2.951 -2.971 -2.971 -2.971 -2.967 -2.976 -2.982 -2.953 -2.734 -2.074 -2.050 -2.225 -2.202 -2.109 -2.145 -1.894 -1.122 -0.965 -0.958 -1.332 -1.574 -1.569 -1.521 -1.494 -1.719 -1.919 -2.238 -2.343 -2.512 -2.549 -2.680 -2.667 -2.663 -2.639 -2.621 -2.572 -2.544 -2.517 -2.576 -2.582 -2.545 -2.457
-2.540 -2.526 -2.512 -2.480 -2.429 -2.366 -2.306 -2.291 -2.503 -2.652 -2.609 -2.471 -1.988 -2.532 -2.432 -2.409 -2.436 -2.645 -2.784 -2.731 -2.761 -2.836 -2.856 -2.852 -2.859 -2.875 -2.881 -2.899 -2.942 -2.972 -2.987 -2.992 -2.980 -2.973 -2.963 -2.963 -2.964 -2.974 -2.987 -2.984 -2.793 -2.189 -2.086 -2.209 -2.180 -2.147 -2.098 -1.659 -1.322 -1.021 -0.942 -1.225 -1.690 -1.795 -1.863 -1.789 -1.415 -1.491 -1.755 -2.035 -2.212 -2.404 -2.376 -2.591 -2.653 -2.674 -2.656 -2.472 -2.433 -2.414 -2.535 -2.587 -2.569 -2.414
-2.534 -2.526 -2.511 -2.478 -2.430 -2.377 -2.333 -2.318 -2.442 -2.631 -2.599 -2.453 -2.231 -2.557 -2.374 -2.397 -2.392 -2.640 -2.779 -2.680 -2.780 -2.821 -2.838 -2.833 -2.850 -2.871 -2.871 -2.888 -2.953 -2.990 -2.994 -2.990 -2.980 -2.968 -2.964 -2.953 -2.953 -2.961 -2.978 -2.990 -2.963 -2.688 -2.445 -2.406 -2.286 -2.274 -2.279 -2.004 -1.683 -1.344 -0.975 -1.028 -1.504 -1.764 -1.847 -1.947 -1.894 -1.451 -1.253 -1.560 -1.742 -1.804 -1.965 -2.459 -2.614 -2.594 -2.648 -2.686 -2.690 -2.550 -2.311 -2.544 -2.486 -2.487
-2.528 -2.528 -2.522 -2.498 -2.460 -2.413 -2.361 -2.316 -2.461 -2.619 -2.618 -2.496 -2.460 -2.479 -2.406 -2.440 -2.404 -2.420 -2.710 -2.838 -2.819 -2.798 -2.801 -2.765 -2.834 -2.818 -2.881 -2.899 -2.964 -2.993 -2.989 -2.982 -2.975 -2.970 -2.966 -2.954 -2.936 -2.940 -2.955 -2.965 -2.965 -2.893 -2.720 -2.617 -2.652 -2.652 -2.625 -2.437 -2.171 -1.866 -1.129 -0.927 -1.106 -1.547 -1.781 -1.930 -1.965 -1.949 -1.725 -1.390 -1.100 -1.061 -1.401 -1.943 -2.422 -2.582 -2.560 -2.688 -2.718 -2.768 -2.532 -2.442 -2.453 -2.540
-2.532 -2.533 -2.530 -2.520 -2.499 -2.459 -2.408 -2.367 -2.433 -2.524 -2.656 -2.489 -2.321 -2.378 -2.406 -2.501 -2.359 -2.328 -2.648 -2.821 -2.814 -2.753 -2.742 -2.809 -2.688 -2.669 -2.845 -2.903 -2.970 -2.983 -2.982 -2.977 -2.973 -2.971 -2.966 -2.958 -2.942 -2.932 -2.936 -2.940 -2.939 -2.841 -2.622 -2.798 -2.951 -2.949 -2.795 -2.724 -2.605 -2.316 -1.509 -1.215 -1.053 -1.013 -1.219 -1.739 -1.928 -1.970 -1.940 -1.775 -1.473 -1.135 -0.987 -1.495 -2.263 -2.622 -2.648 -2.617 -2.710 -2.744 -2.695 -2.484 -2.506 -2.580
-2.536 -2.537 -2.539 -2.535 -2.525 -2.500 -2.459 -2.417 -2.375 -2.271 -2.616 -2.504 -2.322 -2.400 -2.492 -2.317 -2.187 -2.333 -2.688 -2.799 -2.797 -2.711 -2.685 -2.786 -2.525 -2.661 -2.831 -2.914 -2.965 -2.973 -2.976 -2.975 -2.973 -2.968 -2.966 -2.963 -2.956 -2.948 -2.940 -2.935 -2.929 -2.923 -2.940 -2.980 -2.988 -2.980 -2.977 -2.926 -2.771 -2.592 -2.337 -2.025 -1.702 -1.335 -0.985 -1.220 -1.456 -1.777 -1.924 -1.927 -1.844 -1.623 -1.043 -1.101 -2.004 -2.560 -2.638 -2.614 -2.657 -2.709 -2.744 -2.578 -2.510 -2.581
-2.540 -2.540 -2.544 -2.544 -2.530 -2.505 -2.484 -2.463 -2.390 -2.134 -2.461 -2.517 -2.434 -2.312 -2.538 -2.513 -2.319 -2.349 -2.496 -2.705 -2.762 -2.712 -2.684 -2.805 -2.692 -2.752 -2.854 -2.902 -2.943 -2.954 -2.966 -2.970 -2.970 -2.967 -2.964 -2.963 -2.959 -2.956 -2.948 -2.947 -2.941 -2.933 -2.938 -2.935 -2.957 -2.972 -2.989 -3.006 -2.952 -2.825 -2.750 -2.567 -2.246 -1.919 -1.542 -1.398 -1.512 -1.538 -1.727 -1.879 -1.876 -1.728 -1.398 -1.080 -1.332 -2.234 -2.486 -2.561 -2.679 -2.731 -2.748 -2.567 -2.472 -2.578
-2.549 -2.546 -2.545 -2.547 -2.539 -2.522 -2.508 -2.477 -2.360 -2.342 -2.434 -2.576 -2.561 -2.338 -2.384 -2.427 -2.394 -2.402 -2.468 -2.481 -2.561 -2.700 -2.838 -2.844 -2.837 -2.858 -2.861 -2.877 -2.894 -2.923 -2.945 -2.959 -2.964 -2.963 -2.961 -2.958 -2.956 -2.956 -2.956 -2.965 -2.982 -2.979 -2.917 -2.909 -2.924 -2.945 -2.956 -2.947 -2.941 -2.957 -2.983 -2.922 -2.836 -2.659 -2.470 -2.030 -1.729 -1.710 -1.713 -1.639 -1.772 -1.651 -1.309 -1.124 -1.095 -1.660 -2.474 -2.643 -2.694 -2.718 -2.738 -2.721 -2.487 -2.538
-2.555 -2.546 -2.549 -2.553 -2.552 -2.544 -2.523 -2.483 -2.454 -2.416 -2.384 -2.559 -2.542 -2.345 -2.336 -2.261 -2.384 -2.394 -2.491 -2.587 -2.660 -2.671 -2.829 -2.842 -2.844 -2.852 -2.862 -2.878 -2.895 -2.906 -2.917 -2.933 -2.946 -2.952 -2.952 -2.952 -2.952 -2.947 -2.962 -2.983 -2.991 -2.956 -2.916 -2.900 -2.902 -2.907 -2.923 -2.919 -2.926 -2.945 -2.959 -2.934 -2.920 -2.886 -2.800 -2.735 -2.612 -2.522 -2.367 -2.142 -1.941 -1.928 -1.640 -1.327 -1.086 -1.099 -1.820 -2.454 -2.650 -2.700 -2.717 -2.733 -2.674 -2.393
-2.559 -2.553 -2.553 -2.555 -2.557 -2.558 -2.544 -2.515 -2.479 -2.439 -2.402 -2.486 -2.526 -2.276 -2.328 -2.333 -2.397 -2.356 -2.453 -2.632 -2.754 -2.803 -2.809 -2.817 -2.827 -2.825 -2.850 -2.900 -2.912 -2.914 -2.917 -2.922 -2.930 -2.937 -2.940 -2.943 -2.920 -2.887 -2.952 -2.984 -2.972 -2.928 -2.911 -2.903 -2.899 -2.898 -2.892 -2.900 -2.901 -2.901 -2.903 -2.888 -2.862 -2.857 -2.869 -2.880 -2.901 -2.839 -2.734 -2.749 -2.423 -2.238 -2.181 -1.782 -1.193 -1.001 -1.250 -1.795 -2.543 -2.687 -2.725 -2.733 -2.695 -2.516
-2.563 -2.556 -2.557 -2.559 -2.563 -2.564 -2.558 -2.539 -2.504 -2.458 -2.376 -2.362 -2.533 -2.445 -2.154 -2.258 -2.364 -2.369 -2.272 -2.268 -2.503 -2.645 -2.776 -2.790 -2.795 -2.811 -2.864 -2.890 -2.899 -2.904 -2.907 -2.911 -2.918 -2.927 -2.936 -2.944 -2.873 -2.825 -2.944 -2.972 -2.963 -2.936 -2.909 -2.905 -2.903 -2.897 -2.880 -2.879 -2.884 -2.885 -2.883 -2.877 -2.868 -2.861 -2.867 -2.899 -2.920 -2.913 -2.872 -2.769 -2.697 -2.459 -2.262 -1.783 -1.371 -1.105 -1.056 -1.292 -2.015 -2.591 -2.717 -2.726 -2.712 -2.555
-2.565 -2.559 -2.558 -2.562 -2.566 -2.568 -2.561 -2.544 -2.517 -2.472 -2.249 -2.181 -2.483 -2.534 -2.395 -2.208 -2.261 -2.351 -2.403 -2.385 -2.329 -2.520 -2.727 -2.753 -2.782 -2.801 -2.851 -2.878 -2.889 -2.892 -2.889 -2.893 -2.903 -2.919 -2.925 -2.957 -2.950 -2.963 -2.969 -2.966 -2.958 -2.926 -2.911 -2.908 -2.905 -2.898 -2.887 -2.879 -2.869 -2.872 -2.880 -2.879 -2.873 -2.867 -2.858 -2.873 -2.877 -2.879 -2.888 -2.866 -2.733 -2.692 -2.391 -2.209 -1.769 -1.261 -1.070 -1.144 -1.614 -2.007 -2.597 -2.697 -2.666 -2.512
-2.563 -2.559 -2.560 -2.563 -2.566 -2.570 -2.569 -2.549 -2.512 -2.473 -2.311 -2.229 -2.386 -2.531 -2.564 -2.393 -2.238 -2.190 -2.210 -2.284 -2.301 -2.315 -2.419 -2.472 -2.630 -2.745 -2.830 -2.875 -2.874 -2.879 -2.879 -2.894 -2.915 -2.923 -2.937 -2.947 -2.957 -2.957 -2.951 -2.942 -2.930 -2.916 -2.911 -2.908 -2.907 -2.903 -2.895 -2.888 -2.880 -2.876 -2.878 -2.879 -2.877 -2.872 -2.862 -2.855 -2.846 -2.848 -2.881 -2.884 -2.869 -2.866 -2.709 -2.494 -2.066 -1.400 -1.205 -1.095 -1.235 -1.585 -2.379 -2.636 -2.655 -2.411
-2.566 -2.565 -2.563 -2.564 -2.566 -2.566 -2.561 -2.552 -2.520 -2.469 -2.377 -2.344 -2.407 -2.400 -2.558 -2.528 -2.382 -2.253 -2.148 -2.155 -2.323 -2.360 -2.325 -2.274 -2.499 -2.684 -2.696 -2.821 -2.849 -2.873 -2.887 -2.889 -2.869 -2.890 -2.895 -2.927 -2.936 -2.922 -2.917 -2.913 -2.917 -2.913 -2.911 -2.910 -2.908 -2.906 -2.902 -2.897 -2.892 -2.889 -2.883 -2.878 -2.875 -2.874 -2.856 -2.853 -2.858 -2.871 -2.883 -2.862 -2.847 -2.853 -2.804 -2.448 -1.993 -1.391 -1.310 -1.088 -1.069 -1.545 -2.179 -2.582 -2.643 -2.545
-2.570 -2.571 -2.569 -2.566 -2.565 -2.562 -2.557 -2.544 -2.527 -2.491 -2.437 -2.406 -2.392 -2.342 -2.400 -2.539 -2.539 -2.365 -2.097 -2.092 -2.151 -2.199 -2.205 -2.211 -2.499 -2.680 -2.615 -2.560 -2.741 -2.771 -2.798 -2.824 -2.845 -2.871 -2.907 -2.912 -2.885 -2.891 -2.903 -2.909 -2.919 -2.915 -2.913 -2.912 -2.908 -2.903 -2.905 -2.903 -2.901 -2.896 -2.889 -2.877 -2.875 -2.872 -2.868 -2.866 -2.858 -2.877 -2.879 -2.848 -2.844 -2.859 -2.539 -1.995 -1.978 -1.377 -1.252 -1.077 -1.001 -1.404 -1.943 -2.300 -2.556 -2.534
-2.571 -2.572 -2.574 -2.574 -2.571 -2.567 -2.555 -2.550 -2.536 -2.504 -2.454 -2.410 -2.379 -2.265 -2.283 -2.412 -2.548 -2.566 -2.289 -2.201 -2.126 -2.111 -2.131 -2.201 -2.135 -2.320 -2.446 -2.560 -2.601 -2.552 -2.718 -2.807 -2.851 -2.894 -2.911 -2.866 -2.866 -2.883 -2.897 -2.910 -2.914 -2.913 -2.914 -2.916 -2.915 -2.930 -2.932 -2.926 -2.906 -2.898 -2.917 -2.938 -2.899 -2.877 -2.872 -2.867 -2.861 -2.856 -2.870 -2.852 -2.843 -2.867 -2.856 -2.406 -1.842 -1.437 -1.345 -1.121 -0.932 -0.950 -1.467 -1.814 -2.178 -2.465
-2.581 -2.585 -2.585 -2.587 -2.582 -2.581 -2.576 -2.557 -2.520 -2.498 -2.453 -2.425 -2.382 -2.291 -2.214 -2.264 -2.411 -2.586 -2.537 -2.487 -2.271 -2.001 -1.992 -2.031 -2.233 -2.347 -2.424 -2.535 -2.447 -2.428 -2.608 -2.765 -2.856 -2.901 -2.863 -2.852 -2.862 -2.873 -2.887 -2.905 -2.910 -2.914 -2.914 -2.927 -2.951 -2.952 -2.950 -2.950 -2.947 -2.928 -2.940 -2.959 -2.906 -2.884 -2.876 -2.868 -2.865 -2.861 -2.870 -2.858 -2.833 -2.862 -2.868 -2.743 -1.931 -1.798 -1.535 -1.145 -0.972 -0.892 -1.075 -1.491 -1.785 -2.271
-2.593 -2.595 -2.595 -2.611 -2.598 -2.591 -2.593 -2.583 -2.544 -2.503 -2.469 -2.429 -2.272 -2.345 -2.249 -2.218 -2.343 -2.449 -2.551 -2.383 -2.496 -2.202 -1.950 -1.905 -2.242 -2.405 -2.578 -2.609 -2.595 -2.546 -2.604 -2.754 -2.832 -2.849 -2.844 -2.846 -2.785 -2.792 -2.826 -2.888 -2.898 -2.910 -2.918 -2.927 -2.946 -2.945 -2.918 -2.919 -2.921 -2.933 -2.924 -2.916 -2.888 -2.882 -2.871 -2.867 -2.868 -2.860 -2.866 -2.861 -2.833 -2.823 -2.831 -2.766 -1.946 -1.660 -1.474 -1.120 -0.867 -0.837 -0.950 -1.199 -1.494 -1.984
-2.610 -2.612 -2.611 -2.621 -2.601 -2.603 -2.604 -2.595 -2.574 -2.538 -2.491 -2.450 -2.339 -2.255 -2.170 -2.162 -2.159 -2.328 -2.398 -2.328 -2.147 -2.228 -2.218 -2.035 -2.121 -2.237 -2.438 -2.634 -2.744 -2.731 -2.691 -2.763 -2.824 -2.832 -2.753 -2.786 -2.739 -2.734 -2.814 -2.875 -2.895 -2.915 -2.949 -2.951 -2.946 -2.938 -2.914 -2.914 -2.908 -2.916 -2.910 -2.895 -2.890 -2.893 -2.860 -2.858 -2.861 -2.843 -2.833 -2.829 -2.837 -2.858 -2.870 -2.759 -2.069 -1.737 -1.616 -1.362 -0.915 -0.840 -0.906 -1.031 -1.309 -1.768
-2.622 -2.628 -2.632 -2.627 -2.617 -2.613 -2.610 -2.601 -2.577 -2.541 -2.509 -2.471 -2.428 -2.385 -2.335 -2.396 -2.133 -2.143 -2.359 -2.343 -1.941 -2.555 -2.617 -2.444 -2.206 -2.270 -2.372 -2.397 -2.423 -2.593 -2.617 -2.493 -2.487 -2.476 -2.534 -2.750 -2.820 -2.814 -2.847 -2.894 -2.920 -2.931 -2.951 -2.930 -2.915 -2.913 -2.915 -2.912 -2.909 -2.912 -2.909 -2.900 -2.890 -2.882 -2.870 -2.859 -2.846 -2.832 -2.835 -2.848 -2.846 -2.849 -2.844 -2.810 -2.691 -2.035 -1.595 -1.277 -0.970 -0.836 -0.941 -0.997 -1.131 -1.550
-2.639 -2.645 -2.647 -2.640 -2.631 -2.623 -2.615 -2.605 -2.590 -2.568 -2.532 -2.488 -2.449 -2.404 -2.297 -2.302 -2.236 -2.157 -2.258 -2.372 -2.360 -2.612 -2.961 -2.923 -2.521 -2.383 -2.351 -2.287 -2.035 -2.062 -2.201 -2.261 -2.173 -2.284 -2.614 -2.803 -2.823 -2.834 -2.859 -2.899 -2.927 -2.920 -2.911 -2.913 -2.916 -2.917 -2.910 -2.896 -2.896 -2.911 -2.906 -2.899 -2.893 -2.886 -2.877 -2.851 -2.846 -2.835 -2.839 -2.866 -2.860 -2.881 -2.753 -2.662 -2.680 -2.270 -1.593 -1.112 -0.970 -0.866 -1.140 -1.231 -1.202 -1.469
-2.650 -2.665 -2.669 -2.656 -2.640 -2.625 -2.616 -2.609 -2.596 -2.574 -2.540 -2.504 -2.476 -2.443 -2.423 -2.363 -2.158 -2.034 -2.304 -2.425 -2.500 -2.485 -2.592 -2.992 -2.868 -2.452 -2.028 -1.803 -1.846 -2.011 -2.091 -2.482 -2.472 -2.444 -2.718 -2.814 -2.828 -2.838 -2.843 -2.860 -2.896 -2.901 -2.906 -2.916 -2.924 -2.929 -2.898 -2.878 -2.884 -2.902 -2.906 -2.902 -2.897 -2.889 -2.869 -2.839 -2.842 -2.835 -2.852 -2.860 -2.861 -2.848 -2.849 -2.570 -2.499 -2.236 -1.620 -1.135 -0.992 -0.958 -1.167 -1.231 -1.191 -1.183
-2.662 -2.680 -2.677 -2.655 -2.636 -2.626 -2.618 -2.609 -2.596 -2.578 -2.549 -2.520 -2.502 -2.482 -2.464 -2.432 -2.392 -2.275 -2.352 -2.312 -2.229 -2.010 -1.929 -2.118 -2.425 -2.518 -2.263 -1.887 -2.145 -2.324 -2.244 -2.452 -2.710 -2.634 -2.752 -2.819 -2.822 -2.821 -2.816 -2.830 -2.859 -2.881 -2.897 -2.907 -2.900 -2.951 -2.906 -2.893 -2.898 -2.905 -2.908 -2.907 -2.901 -2.887 -2.866 -2.844 -2.853 -2.838 -2.847 -2.866 -2.859 -2.836 -2.825 -2.422 -2.076 -2.345 -1.526 -1.094 -1.049 -0.997 -1.131 -1.232 -1.209 -1.259
-2.665 -2.672 -2.667 -2.655 -2.640 -2.625 -2.617 -2.612 -2.603 -2.587 -2.557 -2.535 -2.521 -2.502 -2.477 -2.449 -2.422 -2.368 -2.150 -2.059 -1.885 -1.642 -0.833 -1.054 -1.655 -2.534 -2.594 -2.303 -2.477 -2.365 -2.279 -2.437 -2.618 -2.812 -2.754 -2.781 -2.821 -2.817 -2.794 -2.795 -2.856 -2.880 -2.894 -2.902 -2.905 -2.910 -2.913 -2.911 -2.911 -2.914 -2.915 -2.908 -2.898 -2.890 -2.878 -2.873 -2.853 -2.844 -2.844 -2.867 -2.844 -2.831 -2.844 -2.654 -2.011 -2.373 -1.907 -1.455 -1.110 -1.057 -1.058 -1.169 -1.201 -1.223
-2.666 -2.670 -2.664 -2.650 -2.635 -2.624 -2.622 -2.617 -2.605 -2.586 -2.567 -2.553 -2.539 -2.515 -2.499 -2.477 -2.446 -2.288 -1.926 -1.628 -1.415 -1.089 -1.420 -1.798 -2.219 -2.691 -2.810 -2.299 -2.285 -2.235 -2.432 -2.534 -2.609 -2.703 -2.554 -2.753 -2.813 -2.829 -2.823 -2.665 -2.842 -2.888 -2.899 -2.903 -2.906 -2.912 -2.916 -2.918 -2.919 -2.922 -2.918 -2.909 -2.903 -2.897 -2.890 -2.887 -2.876 -2.862 -2.851 -2.864 -2.847 -2.821 -2.832 -2.755 -2.132 -2.184 -2.064 -1.876 -1.187 -1.197 -1.060 -1.002 -1.047 -1.178
-2.670 -2.669 -2.658 -2.645 -2.633 -2.626 -2.625 -2.623 -2.619 -2.610 -2.585 -2.549 -2.554 -2.538 -2.514 -2.462 -2.385 -2.065 -1.934 -1.805 -1.560 -1.448 -1.904 -2.119 -2.227 -2.524 -2.747 -2.341 -2.201 -2.249 -2.472 -2.546 -2.584 -2.552 -2.616 -2.757 -2.812 -2.836 -2.844 -2.760 -2.827 -2.890 -2.897 -2.903 -2.909 -2.915 -2.919 -2.919 -2.923 -2.924 -2.919 -2.915 -2.911 -2.907 -2.902 -2.896 -2.885 -2.874 -2.868 -2.870 -2.859 -2.824 -2.820 -2.787 -2.649 -2.195 -2.113 -2.034 -1.274 -1.182 -1.104 -0.968 -0.960 -1.105
-2.674 -2.670 -2.659 -2.646 -2.633 -2.628 -2.627 -2.630 -2.634 -2.634 -2.574 -2.315 -2.514 -2.527 -2.437 -2.134 -1.991 -1.847 -1.902 -2.152 -1.843 -1.610 -1.599 -1.846 -2.147 -2.417 -2.472 -2.364 -2.351 -2.389 -2.441 -2.415 -2.283 -2.297 -2.495 -2.808 -2.835 -2.842 -2.850 -2.858 -2.880 -2.894 -2.895 -2.903 -2.912 -2.918 -2.923 -2.924 -2.927 -2.926 -2.922 -2.920 -2.917 -2.915 -2.907 -2.899 -2.891 -2.882 -2.876 -2.870 -2.867 -2.840 -2.813 -2.785 -2.780 -1.999 -2.094 -2.032 -1.262 -1.201 -1.106 -0.969 -0.966 -1.039
