total_surface_load.grd
DSAA
         561         521
    -2800.000000     2800.000000
    -2600.000000     2600.000000
       -5.216000        4.081000
[rows 33 to 65 of 521, columns 296 to 369 of 561]
-3.081 -3.222 -3.267 -3.202 -3.176 -3.194 -3.217 -3.203 -3.144 -3.090 -2.931 -2.771 -2.569 -2.264 -2.065 -1.989 -1.918 -1.887 -1.828 -1.365 -1.471 -1.801 -2.108 -2.455 -2.516 -2.520 -2.458 -2.229 -2.138 -2.432 -2.702 -2.882 -2.908 -2.725 -2.732 -2.992 -3.063 -2.928 -2.578 -2.928 -2.952 -2.891 -3.081 -3.182 -3.321 -3.321 -2.977 -2.717 -2.675 -2.647 -2.649 -2.912 -2.890 -2.913 -2.992 -3.063 -3.121 -3.127 -3.137 -3.176 -3.135 -3.112 -3.111 -3.078 -3.125 -3.124 -3.143 -3.144 -3.171 -3.196 -3.162 -3.229 -3.142 -3.244
-3.049 -3.217 -3.262 -3.178 -3.159 -3.211 -3.245 -3.251 -3.175 -2.936 -2.631 -2.468 -2.193 -2.152 -2.224 -2.098 -1.910 -1.763 -1.757 -1.563 -1.702 -1.973 -2.165 -2.458 -2.549 -2.566 -2.501 -2.170 -1.924 -2.108 -2.421 -2.520 -2.537 -2.446 -2.520 -2.724 -2.813 -2.739 -2.824 -3.037 -3.025 -2.948 -3.277 -3.284 -3.098 -2.760 -2.533 -2.493 -2.531 -2.604 -2.625 -2.885 -3.047 -3.036 -3.117 -3.202 -3.181 -3.201 -3.223 -3.207 -3.168 -3.263 -3.396 -3.364 -3.291 -3.355 -3.408 -3.369 -3.383 -3.382 -3.436 -3.563 -3.461 -3.485
-3.119 -3.222 -3.220 -3.162 -3.155 -3.236 -3.143 -3.045 -2.911 -2.633 -2.343 -2.282 -2.126 -2.299 -2.234 -1.934 -1.545 -1.491 -1.654 -1.867 -1.927 -2.071 -2.238 -2.417 -2.498 -2.628 -2.504 -2.499 -2.347 -2.289 -2.519 -2.504 -2.393 -2.498 -2.640 -2.681 -2.717 -2.886 -3.095 -3.131 -3.090 -3.100 -3.215 -2.745 -2.110 -2.332 -2.607 -2.717 -2.598 -2.715 -2.808 -2.948 -3.117 -3.211 -3.295 -3.275 -3.228 -3.413 -3.473 -3.527 -3.556 -3.554 -3.570 -3.683 -3.581 -3.631 -3.647 -3.735 -3.685 -3.587 -3.729 -3.910 -3.862 -3.698
-3.095 -3.162 -3.127 -3.156 -3.180 -3.135 -2.938 -2.832 -2.606 -2.372 -2.269 -2.268 -2.308 -2.400 -2.348 -2.165 -1.986 -1.889 -1.702 -1.690 -2.000 -2.156 -2.366 -2.502 -2.532 -2.446 -2.525 -2.634 -2.613 -2.537 -2.568 -2.594 -2.475 -2.649 -2.864 -2.835 -2.796 -3.014 -3.303 -3.319 -3.215 -2.965 -2.647 -2.371 -2.150 -2.555 -2.686 -2.817 -2.846 -2.890 -3.016 -3.088 -3.219 -3.401 -3.487 -3.481 -3.429 -3.721 -3.860 -3.855 -3.810 -3.820 -3.866 -4.081 -4.049 -3.896 -4.048 -4.201 -4.186 -4.134 -4.221 -4.188 -4.283 -4.140
-3.079 -3.145 -3.146 -3.188 -3.174 -3.011 -2.877 -2.712 -2.423 -2.265 -2.307 -2.397 -2.437 -2.427 -2.435 -2.408 -2.387 -2.287 -1.999 -1.889 -2.097 -2.211 -2.370 -2.531 -2.473 -2.393 -2.326 -2.527 -2.643 -2.774 -2.732 -2.603 -2.433 -2.708 -3.030 -2.952 -2.903 -3.149 -3.379 -3.228 -2.735 -2.570 -2.666 -2.771 -2.746 -2.777 -2.763 -2.878 -3.025 -3.104 -3.257 -3.320 -3.532 -3.747 -3.722 -3.812 -3.811 -4.104 -4.040 -3.971 -4.139 -4.284 -4.230 -4.322 -4.471 -4.440 -4.513 -4.556 -4.555 -4.534 -4.504 -4.482 -4.450 -4.406
-3.141 -3.160 -3.141 -3.095 -3.116 -2.978 -2.791 -2.600 -2.373 -2.358 -2.411 -2.487 -2.544 -2.558 -2.587 -2.488 -2.391 -2.353 -2.121 -2.144 -2.300 -2.295 -2.383 -2.498 -2.409 -2.333 -2.334 -2.628 -2.780 -2.875 -2.907 -2.932 -2.859 -3.003 -3.095 -3.057 -3.156 -3.163 -3.003 -2.622 -2.604 -2.716 -2.825 -2.730 -2.753 -2.824 -2.861 -3.021 -3.229 -3.435 -3.590 -3.764 -4.057 -4.019 -4.005 -4.137 -4.189 -4.297 -4.176 -4.328 -4.522 -4.506 -4.533 -4.557 -4.481 -4.325 -4.271 -4.195 -4.152 -3.912 -3.619 -3.382 -3.387 -3.280
-3.208 -3.167 -3.138 -3.086 -2.888 -2.664 -2.548 -2.484 -2.484 -2.489 -2.547 -2.572 -2.626 -2.692 -2.561 -2.348 -2.434 -2.498 -2.362 -2.305 -2.436 -2.446 -2.485 -2.466 -2.276 -2.206 -2.454 -2.808 -2.905 -2.969 -2.978 -2.920 -2.988 -3.114 -3.151 -3.095 -2.970 -2.652 -2.617 -2.864 -2.819 -2.779 -2.743 -2.802 -2.833 -2.921 -3.039 -3.303 -3.526 -3.785 -3.967 -4.123 -4.199 -4.183 -4.222 -4.316 -4.326 -4.307 -4.345 -4.389 -4.244 -4.070 -4.097 -4.023 -3.673 -3.544 -3.418 -3.349 -3.319 -2.937 -2.978 -2.889 -2.817 -2.850
-3.099 -3.012 -3.014 -2.886 -2.576 -2.395 -2.375 -2.454 -2.500 -2.432 -2.501 -2.563 -2.618 -2.721 -2.354 -1.983 -2.387 -2.672 -2.602 -2.596 -2.650 -2.678 -2.586 -2.385 -2.181 -2.439 -2.759 -2.861 -2.989 -2.978 -2.919 -3.028 -3.073 -3.119 -2.985 -2.693 -2.625 -2.921 -2.936 -2.858 -2.760 -2.799 -2.835 -2.957 -3.105 -3.269 -3.404 -3.548 -3.727 -3.893 -4.151 -4.269 -4.479 -4.439 -4.353 -4.113 -4.014 -4.003 -4.092 -3.738 -3.456 -3.131 -3.278 -3.356 -3.213 -3.024 -3.097 -3.161 -2.817 -2.489 -2.549 -2.537 -2.477 -2.443
-2.838 -2.674 -2.573 -2.429 -2.313 -2.287 -2.346 -2.423 -2.406 -2.323 -2.502 -2.411 -2.374 -2.787 -2.468 -2.339 -2.703 -2.738 -2.633 -2.675 -2.799 -2.817 -2.683 -2.569 -2.584 -2.840 -3.025 -3.005 -3.069 -3.065 -3.125 -3.211 -2.950 -2.528 -2.381 -2.719 -3.184 -3.114 -2.887 -2.881 -3.022 -3.088 -3.269 -3.367 -3.648 -3.700 -3.749 -3.896 -4.088 -4.280 -4.433 -4.442 -4.477 -4.168 -3.956 -3.706 -3.490 -3.499 -3.524 -3.276 -3.020 -2.722 -2.675 -2.769 -2.616 -2.602 -2.545 -2.450 -2.308 -2.011 -2.047 -2.025 -2.158 -1.886
-2.528 -2.406 -2.337 -2.260 -2.251 -2.237 -2.276 -2.245 -2.200 -2.234 -2.560 -2.547 -2.561 -2.746 -2.430 -2.521 -2.833 -2.783 -2.702 -2.726 -2.878 -2.834 -2.710 -2.896 -2.728 -2.756 -2.968 -3.029 -3.104 -3.125 -3.190 -3.101 -2.613 -2.057 -2.560 -3.303 -3.316 -3.186 -3.073 -3.284 -3.440 -3.554 -3.746 -3.770 -4.067 -4.052 -4.148 -4.329 -4.290 -4.248 -4.241 -3.957 -3.636 -3.348 -3.089 -3.111 -3.169 -3.040 -2.966 -2.874 -2.499 -2.231 -2.102 -2.171 -2.269 -2.376 -2.145 -1.898 -1.871 -1.931 -2.039 -1.857 -1.723 -1.405
-2.335 -2.270 -2.239 -2.188 -2.165 -2.149 -2.109 -2.043 -2.162 -2.378 -2.535 -2.561 -2.680 -2.742 -2.724 -2.826 -2.831 -2.826 -2.837 -2.845 -2.931 -2.958 -2.939 -2.949 -2.810 -2.859 -3.028 -3.065 -3.113 -3.156 -3.283 -3.008 -2.260 -2.021 -2.877 -3.614 -3.619 -3.539 -3.620 -3.757 -3.854 -4.018 -4.110 -4.061 -4.252 -4.344 -4.262 -4.155 -3.873 -3.574 -3.700 -3.627 -3.072 -2.776 -2.388 -2.321 -2.656 -2.663 -2.546 -2.516 -2.275 -2.034 -1.968 -2.162 -2.300 -2.373 -2.238 -1.968 -1.649 -1.987 -1.945 -1.357 -0.997 -0.647
-2.214 -2.186 -2.168 -2.114 -2.067 -2.097 -2.083 -2.069 -2.221 -2.465 -2.536 -2.597 -2.689 -2.804 -2.909 -2.977 -2.848 -2.813 -2.877 -2.900 -2.953 -2.994 -2.974 -2.982 -2.955 -2.996 -3.062 -3.122 -3.165 -3.278 -3.319 -2.891 -2.011 -2.346 -3.130 -3.538 -3.760 -3.871 -4.045 -4.139 -4.290 -4.499 -4.464 -4.231 -4.057 -4.031 -3.741 -3.491 -3.357 -3.151 -3.213 -3.315 -2.882 -2.577 -2.161 -2.024 -2.136 -2.227 -2.095 -2.013 -1.957 -1.836 -2.051 -2.239 -2.339 -2.313 -1.930 -1.392 -1.181 -1.717 -1.666 -0.683 -0.597 -0.324
-2.164 -2.189 -2.132 -2.088 -2.020 -2.020 -2.077 -2.113 -2.297 -2.544 -2.558 -2.692 -2.793 -2.900 -3.014 -3.125 -3.160 -3.045 -3.021 -2.998 -3.015 -3.031 -2.971 -3.006 -2.993 -3.062 -3.110 -3.152 -3.251 -3.389 -3.408 -2.875 -2.215 -2.896 -3.369 -3.682 -3.908 -4.104 -4.240 -4.466 -4.550 -4.390 -4.213 -3.758 -3.405 -3.368 -3.192 -3.059 -3.181 -2.836 -2.631 -2.906 -2.466 -2.249 -1.960 -1.499 -1.538 -1.779 -1.535 -1.451 -1.312 -1.167 -1.831 -2.097 -2.182 -2.175 -1.226 -0.648 -0.842 -0.713 -0.775 -0.388 -0.615 -0.401
-2.168 -2.125 -2.047 -2.019 -1.991 -2.103 -2.191 -2.284 -2.422 -2.571 -2.599 -2.739 -2.857 -2.962 -3.058 -3.120 -3.191 -3.090 -3.075 -3.049 -3.115 -3.133 -3.097 -3.089 -3.090 -3.190 -3.170 -3.190 -3.408 -3.600 -3.582 -2.997 -2.717 -3.413 -3.626 -4.020 -4.345 -4.319 -4.104 -4.083 -3.825 -3.651 -3.478 -3.271 -3.121 -3.102 -3.107 -3.043 -3.173 -2.563 -1.932 -2.481 -2.410 -1.884 -1.311 -0.722 -1.004 -1.136 -0.667 -0.502 -0.394 -0.481 -1.334 -1.412 -1.511 -2.021 -1.282 -0.342 -0.568 -0.588 -0.600 -0.501 -0.589 -0.597
-2.016 -2.035 -2.031 -2.038 -2.155 -2.348 -2.408 -2.482 -2.536 -2.591 -2.668 -2.790 -2.867 -2.934 -3.017 -3.099 -3.176 -3.146 -3.100 -3.044 -3.142 -3.212 -3.233 -3.236 -3.322 -3.356 -3.284 -3.414 -3.751 -3.754 -3.733 -3.335 -3.172 -3.945 -4.078 -4.306 -4.363 -4.203 -3.452 -3.242 -2.944 -2.573 -2.493 -2.807 -2.807 -2.983 -3.225 -3.184 -3.013 -2.231 -1.603 -1.720 -1.887 -1.575 -1.003 -0.579 -0.437 -0.368 -0.282 -0.273 -0.264 -0.362 -0.844 -0.927 -0.868 -1.398 -1.551 -0.791 -0.454 -0.440 -0.514 -0.643 -0.655 -0.652
-2.074 -2.086 -2.118 -2.155 -2.299 -2.410 -2.466 -2.584 -2.566 -2.562 -2.658 -2.748 -2.842 -2.973 -3.036 -3.123 -3.147 -3.172 -3.130 -3.081 -3.173 -3.248 -3.255 -3.352 -3.482 -3.468 -3.576 -3.807 -3.869 -3.981 -3.882 -3.722 -3.786 -4.219 -4.344 -4.136 -3.665 -3.577 -2.944 -2.750 -2.508 -2.234 -2.252 -2.304 -2.197 -2.650 -2.815 -2.823 -2.652 -2.241 -1.490 -0.974 -1.109 -1.141 -0.667 -0.324 -0.295 -0.239 -0.157 -0.144 -0.238 -0.292 -0.378 -0.437 -0.473 -0.735 -1.101 -1.105 -0.937 -0.459 -0.354 -0.511 -0.644 -0.684
-2.220 -2.176 -2.219 -2.246 -2.319 -2.372 -2.543 -2.607 -2.595 -2.587 -2.689 -2.785 -2.886 -3.069 -3.120 -3.164 -3.128 -3.131 -3.071 -3.086 -3.202 -3.236 -3.251 -3.395 -3.617 -3.805 -3.911 -3.786 -4.028 -4.079 -4.141 -4.014 -3.696 -3.751 -3.767 -3.156 -2.703 -2.238 -2.046 -2.104 -1.780 -2.115 -2.335 -1.864 -1.404 -1.672 -1.956 -2.311 -2.184 -1.611 -1.738 -0.987 -0.773 -0.744 -0.412 -0.317 -0.286 -0.253 -0.251 -0.024 -0.221 -0.279 -0.313 -0.359 -0.423 -0.562 -0.639 -0.707 -0.917 -0.771 -0.324 -0.388 -0.514 -0.596
-2.108 -2.102 -2.196 -2.287 -2.348 -2.413 -2.564 -2.576 -2.595 -2.636 -2.747 -2.840 -2.948 -3.087 -3.129 -3.195 -3.165 -3.133 -3.091 -3.171 -3.238 -3.289 -3.374 -3.664 -3.985 -4.184 -3.904 -3.970 -4.106 -4.135 -3.677 -3.270 -3.060 -3.281 -2.708 -2.212 -1.633 -1.246 -0.976 -0.914 -0.895 -1.302 -1.973 -2.128 -1.800 -1.421 -1.221 -1.126 -1.546 -1.192 -1.101 -1.060 -0.521 -0.370 -0.338 -0.314 -0.276 -0.260 -0.259 -0.256 -0.249 -0.260 -0.293 -0.318 -0.379 -0.413 -0.463 -0.647 -0.642 -0.601 -0.492 -0.549 -0.555 -0.386
-1.948 -2.068 -2.279 -2.361 -2.389 -2.502 -2.579 -2.590 -2.614 -2.667 -2.796 -2.902 -3.024 -3.041 -3.081 -3.180 -3.195 -3.176 -3.194 -3.226 -3.249 -3.434 -3.775 -4.120 -4.210 -4.030 -3.919 -3.861 -3.533 -3.357 -2.897 -2.773 -3.153 -2.537 -1.783 -1.680 -1.593 -1.222 -0.724 -0.481 -0.287 -0.714 -1.403 -1.679 -1.688 -1.809 -1.389 -0.782 -0.515 -0.593 -0.497 -0.452 -0.333 -0.225 -0.186 -0.278 -0.274 -0.273 -0.274 -0.269 -0.258 -0.257 -0.265 -0.296 -0.316 -0.351 -0.410 -0.491 -0.643 -0.812 -0.820 -0.522 -0.505 -0.328
-2.080 -2.263 -2.418 -2.443 -2.484 -2.553 -2.606 -2.603 -2.651 -2.763 -2.857 -2.950 -3.096 -3.190 -3.246 -3.274 -3.231 -3.181 -3.170 -3.165 -3.319 -3.711 -4.018 -4.137 -3.973 -3.941 -3.623 -2.963 -2.664 -2.574 -2.452 -2.285 -2.403 -1.573 -1.375 -1.433 -1.568 -1.504 -1.156 -0.646 -0.300 -0.341 -0.988 -1.015 -0.763 -0.847 -0.866 -0.833 -0.536 -0.365 -0.315 -0.181 -0.007 0.113 0.076 -0.095 -0.186 -0.165 -0.312 -0.314 -0.273 -0.265 -0.269 -0.311 -0.385 -0.473 -0.572 -0.980 -1.205 -2.039 -1.718 -1.166 -1.153 -0.986
-2.248 -2.446 -2.467 -2.537 -2.609 -2.691 -2.733 -2.742 -2.748 -2.886 -2.998 -3.049 -3.168 -3.269 -3.333 -3.428 -3.278 -3.211 -3.208 -3.260 -3.593 -3.808 -3.678 -3.427 -3.814 -3.421 -2.746 -2.490 -2.215 -2.165 -2.175 -2.229 -1.932 -1.575 -1.361 -1.390 -1.343 -1.285 -0.792 -0.319 -0.249 -0.742 -1.056 -0.853 -0.635 -0.471 -0.478 -0.752 -0.922 -0.778 -0.546 -0.319 0.101 0.016 0.006 -0.135 -0.284 -0.363 -0.404 -0.538 -0.658 -0.772 -0.866 -1.177 -1.511 -1.812 -2.028 -2.162 -2.279 -2.840 -2.939 -2.697 -2.467 -2.069
-2.440 -2.534 -2.518 -2.642 -2.780 -2.795 -2.820 -2.865 -2.908 -2.982 -3.111 -3.216 -3.329 -3.417 -3.459 -3.509 -3.477 -3.623 -3.696 -3.712 -3.550 -3.474 -3.284 -3.130 -3.286 -2.543 -2.343 -2.223 -1.990 -1.922 -2.070 -2.150 -1.682 -1.385 -1.269 -1.350 -1.142 -0.931 -0.378 -0.249 -0.909 -1.562 -1.497 -1.315 -1.296 -1.386 -1.397 -1.639 -1.799 -1.920 -1.630 -0.821 -0.369 -0.350 -0.382 -0.404 -0.657 -1.198 -1.505 -1.775 -1.955 -2.004 -1.998 -2.128 -2.302 -2.507 -2.569 -2.633 -2.646 -2.792 -3.059 -3.059 -3.111 -2.952
-2.615 -2.629 -2.677 -2.783 -2.840 -2.822 -2.861 -2.923 -2.974 -3.037 -3.127 -3.271 -3.396 -3.494 -3.628 -3.772 -3.976 -4.103 -4.059 -3.983 -3.821 -3.334 -2.921 -2.678 -2.567 -2.424 -2.308 -2.151 -1.807 -1.633 -1.910 -1.849 -1.283 -1.032 -1.078 -1.386 -1.403 -0.864 -0.451 -0.955 -1.995 -2.319 -2.295 -2.153 -2.100 -2.007 -2.086 -2.199 -2.093 -2.141 -2.104 -1.597 -1.208 -1.303 -1.495 -1.487 -1.819 -2.190 -2.343 -2.408 -2.435 -2.386 -2.366 -2.421 -2.510 -2.608 -2.640 -2.685 -2.665 -2.752 -2.928 -3.011 -3.103 -3.076
-2.725 -2.792 -2.860 -2.923 -2.901 -2.915 -2.957 -3.020 -3.033 -3.037 -3.163 -3.306 -3.417 -3.610 -3.970 -4.127 -4.182 -4.067 -4.032 -4.055 -3.561 -2.946 -2.480 -2.262 -2.319 -2.364 -2.436 -2.421 -1.968 -1.452 -1.298 -1.044 -0.735 -0.844 -1.540 -1.880 -1.759 -1.391 -1.373 -1.995 -2.222 -2.071 -2.009 -2.037 -2.237 -2.390 -2.472 -2.472 -2.359 -2.351 -2.430 -2.414 -2.412 -2.442 -2.489 -2.435 -2.474 -2.512 -2.532 -2.559 -2.539 -2.483 -2.479 -2.523 -2.548 -2.602 -2.635 -2.686 -2.682 -2.729 -2.852 -2.881 -2.907 -2.923
-2.820 -2.844 -2.974 -2.999 -2.987 -3.017 -3.067 -3.093 -3.058 -3.075 -3.262 -3.409 -3.608 -4.002 -4.253 -4.211 -4.029 -3.873 -3.773 -3.705 -2.969 -2.404 -2.211 -2.152 -2.296 -2.380 -2.588 -3.048 -2.919 -2.117 -1.201 -0.844 -0.814 -0.767 -1.433 -1.790 -2.012 -2.112 -2.125 -2.069 -1.915 -1.916 -2.021 -2.206 -2.333 -2.397 -2.473 -2.571 -2.558 -2.641 -2.736 -2.730 -2.730 -2.711 -2.671 -2.616 -2.600 -2.590 -2.590 -2.580 -2.560 -2.553 -2.537 -2.545 -2.544 -2.549 -2.635 -2.694 -2.725 -2.728 -2.795 -2.795 -2.823 -2.889
-2.890 -2.943 -3.026 -3.041 -3.083 -3.145 -3.172 -3.181 -3.161 -3.318 -3.522 -3.812 -4.125 -4.262 -4.232 -4.155 -3.979 -3.558 -3.111 -2.675 -2.159 -1.800 -1.909 -2.109 -2.303 -2.314 -2.262 -2.718 -2.493 -1.959 -1.367 -1.011 -1.021 -1.040 -1.664 -2.120 -2.435 -2.510 -2.270 -2.192 -2.223 -2.151 -1.994 -2.012 -2.160 -2.365 -2.499 -2.720 -2.824 -2.835 -2.808 -2.722 -2.743 -2.741 -2.720 -2.704 -2.665 -2.642 -2.631 -2.582 -2.585 -2.581 -2.589 -2.549 -2.557 -2.605 -2.653 -2.731 -2.725 -2.725 -2.745 -2.786 -2.857 -2.809
-2.927 -2.994 -3.018 -3.049 -3.129 -3.241 -3.239 -3.262 -3.443 -3.627 -3.890 -4.195 -4.275 -4.193 -4.085 -3.975 -3.446 -2.567 -2.113 -2.083 -1.867 -1.577 -1.835 -2.179 -2.178 -1.953 -1.625 -1.638 -1.547 -1.087 -0.608 -0.593 -0.955 -1.719 -2.394 -2.482 -2.517 -2.527 -2.334 -2.193 -2.129 -1.934 -1.801 -2.030 -2.421 -2.644 -2.687 -2.707 -2.770 -2.818 -2.761 -2.680 -2.748 -2.735 -2.749 -2.750 -2.733 -2.709 -2.682 -2.626 -2.662 -2.616 -2.662 -2.609 -2.622 -2.677 -2.681 -2.757 -2.720 -2.739 -2.757 -2.737 -2.738 -2.742
-2.981 -3.069 -3.072 -3.082 -3.170 -3.241 -3.317 -3.596 -3.871 -3.890 -4.072 -4.200 -4.058 -3.795 -3.304 -2.784 -2.303 -1.919 -1.949 -2.063 -1.790 -1.507 -1.820 -2.048 -2.004 -1.508 -0.915 -0.846 -0.919 -0.555 -0.716 -1.301 -1.956 -2.490 -2.617 -2.473 -2.468 -2.398 -2.247 -2.046 -1.858 -1.716 -1.942 -2.446 -2.633 -2.661 -2.687 -2.710 -2.734 -2.754 -2.754 -2.730 -2.740 -2.745 -2.744 -2.750 -2.749 -2.748 -2.746 -2.725 -2.728 -2.696 -2.721 -2.710 -2.715 -2.719 -2.728 -2.754 -2.759 -2.738 -2.740 -2.734 -2.702 -2.725
-3.019 -3.056 -3.034 -3.132 -3.301 -3.483 -3.638 -3.975 -4.064 -4.051 -4.163 -4.056 -3.471 -2.969 -2.117 -1.695 -1.729 -1.941 -2.162 -2.264 -1.762 -1.070 -1.095 -1.351 -1.290 -1.017 -0.866 -0.710 -0.819 -1.033 -1.640 -2.228 -2.657 -2.674 -2.544 -2.338 -2.159 -2.298 -2.361 -2.276 -2.111 -2.102 -2.472 -2.648 -2.633 -2.627 -2.697 -2.708 -2.720 -2.728 -2.723 -2.729 -2.730 -2.736 -2.742 -2.747 -2.740 -2.744 -2.745 -2.748 -2.747 -2.749 -2.745 -2.745 -2.748 -2.743 -2.744 -2.747 -2.744 -2.747 -2.747 -2.745 -2.742 -2.745
-3.045 -3.032 -3.052 -3.276 -3.492 -3.742 -3.908 -4.051 -4.006 -4.018 -4.019 -3.708 -2.947 -2.177 -1.422 -1.385 -1.557 -1.585 -1.835 -2.236 -2.167 -1.613 -0.902 -0.392 -0.437 -0.673 -0.913 -1.096 -1.575 -1.939 -2.157 -2.526 -2.671 -2.429 -2.247 -2.223 -2.082 -2.379 -2.528 -2.550 -2.524 -2.558 -2.632 -2.500 -2.599 -2.652 -2.679 -2.687 -2.699 -2.696 -2.712 -2.713 -2.709 -2.713 -2.728 -2.760 -2.727 -2.769 -2.759 -2.765 -2.752 -2.767 -2.758 -2.755 -2.755 -2.742 -2.756 -2.738 -2.699 -2.759 -2.751 -2.744 -2.736 -2.737
-3.044 -3.103 -3.279 -3.562 -3.775 -3.952 -4.066 -3.924 -3.710 -3.584 -3.123 -2.390 -1.834 -1.308 -0.833 -1.330 -1.304 -0.988 -1.058 -1.313 -1.589 -1.408 -0.884 -0.308 -0.406 -1.121 -1.557 -2.018 -2.237 -2.412 -2.448 -2.510 -2.450 -2.237 -2.244 -2.449 -2.491 -2.528 -2.512 -2.473 -2.542 -2.514 -2.415 -1.993 -2.011 -2.464 -2.579 -2.591 -2.639 -2.640 -2.597 -2.592 -2.669 -2.691 -2.703 -2.732 -2.716 -2.744 -2.765 -2.786 -2.775 -2.765 -2.779 -2.768 -2.753 -2.742 -2.746 -2.735 -2.749 -2.778 -2.745 -2.725 -2.728 -2.728
-3.115 -3.521 -3.731 -3.768 -3.924 -4.028 -3.835 -3.528 -3.237 -2.656 -1.602 -0.642 -0.719 -0.647 -0.395 -1.155 -0.881 -0.470 -0.347 -0.306 -0.367 -0.282 -0.209 -0.337 -1.240 -2.202 -2.386 -2.504 -2.517 -2.524 -2.410 -2.351 -2.316 -2.388 -2.548 -2.571 -2.547 -2.470 -2.426 -2.409 -2.277 -2.184 -2.200 -2.451 -2.444 -2.545 -2.585 -2.596 -2.599 -2.590 -2.553 -2.290 -2.276 -2.439 -2.559 -2.621 -2.663 -2.685 -2.704 -2.736 -2.749 -2.752 -2.767 -2.757 -2.765 -2.725 -2.727 -2.733 -2.741 -2.742 -2.741 -2.732 -2.733 -2.724
-3.274 -3.624 -3.863 -4.048 -4.162 -3.892 -3.595 -3.423 -2.804 -1.623 -0.527 -0.209 -0.325 -0.336 -0.220 -0.644 -0.401 -0.170 -0.161 -0.143 -0.152 -0.206 -0.476 -1.462 -2.352 -2.592 -2.517 -2.472 -2.460 -2.422 -2.357 -2.372 -2.400 -2.498 -2.572 -2.492 -2.482 -2.465 -2.275 -1.998 -2.131 -2.436 -2.544 -2.599 -2.596 -2.598 -2.585 -2.582 -2.586 -2.578 -2.579 -2.572 -2.506 -2.417 -2.379 -2.350 -2.381 -2.425 -2.541 -2.678 -2.724 -2.752 -2.764 -2.733 -2.716 -2.707 -2.717 -2.719 -2.717 -2.733 -2.728 -2.733 -2.736 -2.732
