total_surface_load.grd
DSAA
         561         521
    -2800.000000     2800.000000
    -2600.000000     2600.000000
       -5.216000        4.081000
[rows 462 to 494 of 521, columns 74 to 147 of 561]
-0.397 -0.411 -0.424 -0.434 -0.449 -0.469 -0.493 -0.511 -0.525 -0.538 -0.560 -0.581 -0.584 -0.582 -0.575 -0.565 -0.554 -0.548 -0.536 -0.532 -0.517 -0.509 -0.509 -0.510 -0.512 -0.512 -0.511 -0.515 -0.515 -0.515 -0.511 -0.507 -0.508 -0.514 -0.505 -0.492 -0.499 -0.544 -0.529 -0.481 -0.450 -0.435 -0.441 -0.443 -0.442 -0.461 -0.498 -0.500 -0.494 -0.455 -0.409 -0.320 -0.201 -0.060 0.082 0.123 0.123 0.147 0.154 0.222 0.175 -0.083 -0.150 -0.215 -0.301 -0.362 -0.392 -0.462 -0.524 -0.586 -0.625 -0.666 -0.678 -0.688
-0.396 -0.409 -0.422 -0.434 -0.456 -0.484 -0.523 -0.548 -0.561 -0.560 -0.571 -0.580 -0.586 -0.584 -0.577 -0.569 -0.547 -0.536 -0.525 -0.519 -0.512 -0.510 -0.510 -0.508 -0.508 -0.509 -0.514 -0.532 -0.521 -0.514 -0.529 -0.536 -0.523 -0.512 -0.507 -0.492 -0.513 -0.525 -0.488 -0.488 -0.466 -0.459 -0.444 -0.412 -0.429 -0.474 -0.497 -0.496 -0.449 -0.415 -0.361 -0.271 -0.153 0.060 0.200 0.184 0.118 0.065 0.015 -0.167 -0.159 -0.156 -0.180 -0.275 -0.343 -0.380 -0.442 -0.484 -0.533 -0.572 -0.607 -0.660 -0.679 -0.683
-0.391 -0.408 -0.424 -0.435 -0.462 -0.501 -0.530 -0.553 -0.572 -0.580 -0.587 -0.590 -0.587 -0.580 -0.570 -0.558 -0.541 -0.533 -0.522 -0.516 -0.516 -0.520 -0.517 -0.514 -0.514 -0.514 -0.518 -0.551 -0.527 -0.528 -0.544 -0.558 -0.538 -0.516 -0.502 -0.486 -0.477 -0.506 -0.487 -0.472 -0.463 -0.460 -0.436 -0.416 -0.444 -0.487 -0.488 -0.488 -0.423 -0.349 -0.271 -0.182 -0.062 0.175 0.259 0.266 0.209 0.111 -0.041 -0.139 -0.119 -0.113 -0.182 -0.350 -0.405 -0.415 -0.450 -0.497 -0.528 -0.534 -0.598 -0.649 -0.675 -0.668
-0.389 -0.408 -0.431 -0.450 -0.475 -0.509 -0.528 -0.553 -0.573 -0.584 -0.597 -0.593 -0.585 -0.577 -0.564 -0.550 -0.533 -0.522 -0.520 -0.514 -0.517 -0.524 -0.530 -0.530 -0.529 -0.528 -0.531 -0.555 -0.556 -0.556 -0.552 -0.571 -0.557 -0.526 -0.504 -0.485 -0.474 -0.488 -0.448 -0.411 -0.406 -0.410 -0.401 -0.406 -0.454 -0.499 -0.498 -0.477 -0.404 -0.341 -0.235 -0.123 0.079 0.310 0.485 0.583 0.622 0.454 0.000 -0.121 -0.109 -0.146 -0.295 -0.403 -0.415 -0.426 -0.477 -0.510 -0.516 -0.520 -0.577 -0.631 -0.657 -0.659
-0.387 -0.410 -0.445 -0.459 -0.477 -0.505 -0.520 -0.538 -0.555 -0.570 -0.578 -0.579 -0.578 -0.572 -0.557 -0.543 -0.529 -0.519 -0.513 -0.510 -0.517 -0.530 -0.538 -0.540 -0.545 -0.547 -0.550 -0.570 -0.561 -0.563 -0.558 -0.578 -0.570 -0.533 -0.524 -0.490 -0.459 -0.431 -0.389 -0.368 -0.358 -0.359 -0.377 -0.402 -0.489 -0.484 -0.481 -0.459 -0.401 -0.319 -0.199 -0.074 0.142 0.281 0.327 0.260 0.104 -0.111 -0.161 -0.145 -0.107 -0.179 -0.316 -0.418 -0.445 -0.467 -0.514 -0.499 -0.488 -0.513 -0.560 -0.620 -0.648 -0.658
-0.385 -0.398 -0.430 -0.456 -0.468 -0.480 -0.494 -0.510 -0.532 -0.547 -0.555 -0.559 -0.564 -0.567 -0.555 -0.541 -0.529 -0.520 -0.513 -0.511 -0.516 -0.533 -0.550 -0.556 -0.562 -0.566 -0.564 -0.569 -0.556 -0.566 -0.580 -0.571 -0.555 -0.506 -0.492 -0.459 -0.434 -0.407 -0.389 -0.362 -0.344 -0.335 -0.340 -0.413 -0.504 -0.479 -0.479 -0.451 -0.381 -0.264 -0.142 -0.014 0.220 0.419 0.524 0.416 0.167 -0.106 -0.149 -0.128 -0.110 -0.241 -0.398 -0.470 -0.485 -0.495 -0.489 -0.484 -0.486 -0.511 -0.536 -0.608 -0.651 -0.665
-0.388 -0.394 -0.410 -0.427 -0.443 -0.455 -0.473 -0.486 -0.501 -0.516 -0.534 -0.546 -0.552 -0.553 -0.549 -0.539 -0.529 -0.521 -0.517 -0.518 -0.519 -0.521 -0.530 -0.545 -0.564 -0.577 -0.565 -0.566 -0.565 -0.570 -0.580 -0.547 -0.521 -0.480 -0.452 -0.432 -0.420 -0.392 -0.380 -0.363 -0.343 -0.343 -0.371 -0.493 -0.495 -0.482 -0.475 -0.426 -0.334 -0.201 -0.082 0.088 0.339 0.518 0.555 0.441 0.245 -0.025 -0.120 -0.120 -0.177 -0.344 -0.448 -0.492 -0.507 -0.499 -0.485 -0.481 -0.495 -0.528 -0.562 -0.615 -0.654 -0.678
-0.407 -0.405 -0.397 -0.400 -0.408 -0.424 -0.454 -0.467 -0.480 -0.498 -0.516 -0.530 -0.537 -0.541 -0.539 -0.534 -0.528 -0.523 -0.521 -0.524 -0.525 -0.531 -0.534 -0.537 -0.537 -0.562 -0.572 -0.566 -0.562 -0.557 -0.542 -0.517 -0.486 -0.459 -0.432 -0.413 -0.407 -0.385 -0.357 -0.370 -0.359 -0.379 -0.448 -0.502 -0.482 -0.469 -0.455 -0.404 -0.297 -0.168 -0.054 0.082 0.377 0.566 0.499 0.392 0.110 -0.085 -0.102 -0.143 -0.206 -0.347 -0.461 -0.507 -0.518 -0.495 -0.489 -0.495 -0.517 -0.554 -0.588 -0.625 -0.666 -0.691
-0.391 -0.415 -0.407 -0.402 -0.402 -0.420 -0.447 -0.460 -0.469 -0.481 -0.496 -0.509 -0.519 -0.526 -0.528 -0.526 -0.523 -0.518 -0.516 -0.525 -0.538 -0.547 -0.561 -0.540 -0.554 -0.570 -0.577 -0.569 -0.558 -0.546 -0.528 -0.507 -0.481 -0.455 -0.448 -0.405 -0.377 -0.393 -0.347 -0.346 -0.348 -0.413 -0.490 -0.490 -0.471 -0.472 -0.444 -0.386 -0.259 -0.120 0.077 0.220 0.495 0.629 0.549 0.298 0.016 -0.088 -0.131 -0.163 -0.271 -0.411 -0.491 -0.530 -0.529 -0.499 -0.496 -0.513 -0.531 -0.571 -0.611 -0.649 -0.685 -0.687
-0.396 -0.415 -0.430 -0.437 -0.429 -0.432 -0.444 -0.452 -0.458 -0.468 -0.483 -0.496 -0.501 -0.508 -0.510 -0.512 -0.515 -0.513 -0.512 -0.522 -0.547 -0.558 -0.560 -0.558 -0.566 -0.572 -0.590 -0.594 -0.570 -0.551 -0.525 -0.496 -0.464 -0.441 -0.462 -0.422 -0.379 -0.392 -0.374 -0.369 -0.377 -0.435 -0.485 -0.486 -0.460 -0.457 -0.408 -0.284 -0.172 -0.037 0.183 0.410 0.574 0.647 0.548 0.300 -0.016 -0.103 -0.148 -0.210 -0.316 -0.431 -0.494 -0.525 -0.533 -0.523 -0.521 -0.542 -0.566 -0.609 -0.654 -0.665 -0.691 -0.712
-0.416 -0.433 -0.452 -0.452 -0.455 -0.449 -0.456 -0.454 -0.452 -0.455 -0.463 -0.475 -0.475 -0.478 -0.487 -0.496 -0.504 -0.511 -0.518 -0.527 -0.545 -0.551 -0.548 -0.536 -0.553 -0.569 -0.562 -0.552 -0.552 -0.567 -0.532 -0.492 -0.462 -0.454 -0.471 -0.448 -0.425 -0.422 -0.446 -0.427 -0.437 -0.472 -0.485 -0.467 -0.447 -0.424 -0.331 -0.203 -0.133 0.082 0.306 0.464 0.615 0.724 0.665 0.438 0.100 -0.034 -0.121 -0.210 -0.354 -0.468 -0.522 -0.542 -0.542 -0.546 -0.560 -0.583 -0.591 -0.615 -0.666 -0.683 -0.707 -0.720
-0.420 -0.433 -0.440 -0.447 -0.455 -0.458 -0.455 -0.451 -0.446 -0.444 -0.444 -0.450 -0.441 -0.453 -0.463 -0.475 -0.489 -0.501 -0.515 -0.525 -0.531 -0.535 -0.531 -0.526 -0.532 -0.563 -0.553 -0.537 -0.551 -0.568 -0.553 -0.514 -0.486 -0.470 -0.481 -0.471 -0.461 -0.459 -0.464 -0.488 -0.485 -0.468 -0.469 -0.456 -0.431 -0.372 -0.251 -0.151 -0.093 0.080 0.261 0.512 0.673 0.744 0.670 0.430 0.136 0.025 -0.123 -0.272 -0.409 -0.496 -0.542 -0.565 -0.570 -0.561 -0.567 -0.595 -0.606 -0.628 -0.672 -0.700 -0.720 -0.726
-0.431 -0.434 -0.438 -0.443 -0.449 -0.452 -0.449 -0.445 -0.441 -0.434 -0.425 -0.433 -0.446 -0.454 -0.453 -0.456 -0.467 -0.480 -0.493 -0.505 -0.512 -0.515 -0.516 -0.519 -0.528 -0.528 -0.534 -0.534 -0.537 -0.557 -0.547 -0.534 -0.505 -0.487 -0.491 -0.471 -0.462 -0.454 -0.469 -0.459 -0.467 -0.423 -0.450 -0.412 -0.343 -0.259 -0.166 -0.108 0.013 0.182 0.426 0.608 0.723 0.722 0.555 0.323 0.017 0.001 -0.140 -0.291 -0.409 -0.471 -0.541 -0.576 -0.585 -0.593 -0.580 -0.604 -0.623 -0.654 -0.694 -0.720 -0.724 -0.729
-0.438 -0.446 -0.437 -0.437 -0.436 -0.438 -0.439 -0.437 -0.433 -0.432 -0.413 -0.412 -0.435 -0.448 -0.451 -0.452 -0.458 -0.466 -0.474 -0.483 -0.491 -0.495 -0.500 -0.504 -0.510 -0.513 -0.514 -0.518 -0.524 -0.512 -0.507 -0.532 -0.508 -0.488 -0.475 -0.465 -0.464 -0.444 -0.445 -0.449 -0.456 -0.437 -0.387 -0.313 -0.252 -0.200 -0.129 -0.028 0.142 0.330 0.518 0.622 0.723 0.666 0.323 0.145 -0.123 -0.092 -0.176 -0.338 -0.425 -0.501 -0.568 -0.585 -0.597 -0.606 -0.572 -0.610 -0.627 -0.643 -0.694 -0.715 -0.717 -0.723
-0.437 -0.430 -0.421 -0.418 -0.419 -0.422 -0.426 -0.430 -0.433 -0.438 -0.431 -0.424 -0.436 -0.446 -0.449 -0.447 -0.452 -0.458 -0.461 -0.466 -0.468 -0.473 -0.477 -0.478 -0.487 -0.500 -0.494 -0.495 -0.522 -0.513 -0.488 -0.478 -0.429 -0.441 -0.449 -0.446 -0.446 -0.450 -0.439 -0.424 -0.405 -0.357 -0.283 -0.211 -0.172 -0.110 -0.077 0.100 0.194 0.383 0.584 0.711 0.733 0.598 0.316 -0.048 -0.111 -0.150 -0.221 -0.348 -0.434 -0.513 -0.574 -0.590 -0.612 -0.624 -0.625 -0.611 -0.621 -0.636 -0.687 -0.720 -0.726 -0.733
-0.423 -0.408 -0.404 -0.401 -0.404 -0.412 -0.418 -0.422 -0.426 -0.431 -0.434 -0.434 -0.441 -0.452 -0.454 -0.451 -0.455 -0.453 -0.453 -0.455 -0.455 -0.455 -0.460 -0.466 -0.473 -0.481 -0.488 -0.504 -0.507 -0.505 -0.487 -0.442 -0.406 -0.388 -0.404 -0.434 -0.452 -0.443 -0.422 -0.394 -0.351 -0.305 -0.212 -0.111 -0.121 -0.080 0.041 0.182 0.335 0.449 0.642 0.757 0.680 0.454 0.207 -0.073 -0.061 -0.117 -0.201 -0.354 -0.453 -0.528 -0.572 -0.592 -0.627 -0.630 -0.632 -0.632 -0.629 -0.639 -0.685 -0.722 -0.722 -0.716
-0.392 -0.387 -0.383 -0.381 -0.389 -0.398 -0.404 -0.406 -0.413 -0.423 -0.430 -0.435 -0.443 -0.453 -0.457 -0.455 -0.453 -0.450 -0.448 -0.449 -0.452 -0.451 -0.451 -0.451 -0.451 -0.449 -0.452 -0.453 -0.462 -0.497 -0.470 -0.414 -0.391 -0.398 -0.406 -0.432 -0.444 -0.422 -0.376 -0.339 -0.293 -0.212 -0.142 -0.056 0.016 -0.006 0.144 0.315 0.426 0.589 0.701 0.763 0.617 0.413 0.112 -0.110 -0.127 -0.156 -0.275 -0.401 -0.471 -0.546 -0.576 -0.592 -0.624 -0.613 -0.619 -0.625 -0.634 -0.631 -0.653 -0.683 -0.681 -0.673
-0.365 -0.368 -0.368 -0.364 -0.369 -0.381 -0.391 -0.394 -0.401 -0.411 -0.421 -0.429 -0.436 -0.445 -0.452 -0.455 -0.455 -0.451 -0.448 -0.449 -0.459 -0.467 -0.451 -0.443 -0.437 -0.432 -0.434 -0.435 -0.453 -0.510 -0.493 -0.454 -0.441 -0.432 -0.426 -0.441 -0.428 -0.361 -0.288 -0.224 -0.211 -0.151 -0.035 0.077 0.156 0.064 0.196 0.271 0.471 0.596 0.664 0.646 0.512 0.298 0.062 -0.112 -0.109 -0.149 -0.283 -0.428 -0.494 -0.542 -0.556 -0.567 -0.590 -0.599 -0.611 -0.617 -0.624 -0.637 -0.643 -0.658 -0.657 -0.643
-0.345 -0.354 -0.353 -0.345 -0.351 -0.366 -0.379 -0.386 -0.391 -0.393 -0.400 -0.414 -0.423 -0.433 -0.444 -0.452 -0.455 -0.452 -0.450 -0.450 -0.461 -0.459 -0.446 -0.439 -0.432 -0.430 -0.451 -0.460 -0.479 -0.533 -0.535 -0.497 -0.466 -0.459 -0.445 -0.417 -0.359 -0.285 -0.241 -0.171 -0.127 -0.061 0.004 0.198 0.254 0.204 0.181 0.245 0.476 0.712 0.866 0.895 0.739 0.369 0.060 -0.067 -0.106 -0.201 -0.357 -0.463 -0.498 -0.529 -0.550 -0.545 -0.557 -0.576 -0.599 -0.618 -0.629 -0.635 -0.630 -0.621 -0.626 -0.625
-0.331 -0.339 -0.347 -0.342 -0.342 -0.353 -0.368 -0.376 -0.380 -0.381 -0.379 -0.394 -0.412 -0.422 -0.433 -0.443 -0.449 -0.450 -0.453 -0.463 -0.476 -0.454 -0.438 -0.430 -0.424 -0.455 -0.489 -0.531 -0.594 -0.570 -0.540 -0.507 -0.467 -0.435 -0.406 -0.352 -0.291 -0.227 -0.176 -0.100 -0.069 -0.018 0.098 0.154 0.250 0.338 0.332 0.495 0.678 0.735 0.679 0.569 0.331 0.258 0.041 -0.085 -0.130 -0.252 -0.371 -0.457 -0.490 -0.514 -0.525 -0.533 -0.549 -0.561 -0.574 -0.608 -0.629 -0.631 -0.620 -0.610 -0.620 -0.632
-0.320 -0.337 -0.343 -0.353 -0.361 -0.357 -0.360 -0.364 -0.367 -0.371 -0.374 -0.386 -0.402 -0.414 -0.422 -0.430 -0.438 -0.443 -0.450 -0.460 -0.465 -0.452 -0.455 -0.461 -0.430 -0.471 -0.508 -0.554 -0.602 -0.570 -0.516 -0.484 -0.441 -0.407 -0.376 -0.315 -0.227 -0.150 -0.120 -0.079 -0.064 -0.034 0.000 0.146 0.326 0.438 0.563 0.625 0.638 0.548 0.537 0.390 0.217 0.180 -0.086 -0.112 -0.205 -0.334 -0.423 -0.465 -0.490 -0.489 -0.498 -0.523 -0.541 -0.551 -0.550 -0.571 -0.610 -0.626 -0.623 -0.627 -0.638 -0.651
-0.294 -0.327 -0.331 -0.337 -0.350 -0.349 -0.352 -0.358 -0.361 -0.364 -0.369 -0.379 -0.392 -0.402 -0.409 -0.416 -0.423 -0.430 -0.438 -0.447 -0.454 -0.458 -0.503 -0.543 -0.524 -0.530 -0.546 -0.563 -0.576 -0.528 -0.480 -0.446 -0.406 -0.369 -0.329 -0.270 -0.210 -0.151 -0.111 -0.068 -0.023 0.099 0.147 0.253 0.386 0.575 0.637 0.639 0.642 0.432 0.279 0.447 0.054 -0.006 -0.086 -0.169 -0.312 -0.404 -0.444 -0.471 -0.469 -0.477 -0.482 -0.503 -0.526 -0.542 -0.569 -0.579 -0.599 -0.617 -0.622 -0.635 -0.656 -0.658
-0.262 -0.297 -0.288 -0.313 -0.343 -0.354 -0.354 -0.361 -0.366 -0.368 -0.370 -0.377 -0.389 -0.397 -0.399 -0.401 -0.403 -0.405 -0.416 -0.430 -0.440 -0.447 -0.490 -0.565 -0.562 -0.557 -0.564 -0.558 -0.524 -0.480 -0.436 -0.392 -0.348 -0.313 -0.277 -0.226 -0.160 -0.085 -0.053 0.033 0.009 0.040 0.242 0.352 0.572 0.751 0.738 0.577 0.461 0.295 0.124 0.235 0.086 -0.085 -0.144 -0.261 -0.381 -0.436 -0.466 -0.458 -0.455 -0.464 -0.477 -0.492 -0.523 -0.538 -0.578 -0.597 -0.602 -0.625 -0.620 -0.624 -0.637 -0.649
-0.213 -0.249 -0.255 -0.275 -0.323 -0.343 -0.355 -0.361 -0.366 -0.371 -0.377 -0.384 -0.389 -0.394 -0.389 -0.389 -0.387 -0.382 -0.397 -0.416 -0.423 -0.431 -0.480 -0.535 -0.554 -0.557 -0.550 -0.519 -0.474 -0.437 -0.391 -0.345 -0.303 -0.267 -0.202 -0.146 -0.079 -0.051 0.007 0.104 0.185 0.268 0.171 0.419 0.655 0.818 0.827 0.621 0.606 0.490 0.005 -0.071 -0.081 -0.131 -0.249 -0.391 -0.445 -0.460 -0.465 -0.455 -0.459 -0.461 -0.474 -0.487 -0.511 -0.540 -0.569 -0.584 -0.596 -0.613 -0.619 -0.622 -0.639 -0.665
-0.170 -0.207 -0.234 -0.260 -0.292 -0.325 -0.348 -0.357 -0.359 -0.361 -0.364 -0.373 -0.379 -0.382 -0.372 -0.379 -0.384 -0.385 -0.396 -0.414 -0.429 -0.444 -0.490 -0.507 -0.517 -0.524 -0.497 -0.442 -0.421 -0.402 -0.351 -0.296 -0.240 -0.168 -0.124 -0.087 -0.040 0.106 0.184 0.197 0.228 0.412 0.407 0.396 0.603 0.671 0.711 0.566 0.358 0.250 0.231 -0.054 -0.160 -0.269 -0.378 -0.448 -0.483 -0.477 -0.476 -0.468 -0.468 -0.467 -0.475 -0.485 -0.494 -0.528 -0.561 -0.579 -0.602 -0.617 -0.625 -0.637 -0.649 -0.656
-0.123 -0.157 -0.179 -0.202 -0.252 -0.296 -0.324 -0.341 -0.347 -0.351 -0.355 -0.360 -0.365 -0.365 -0.373 -0.390 -0.390 -0.380 -0.394 -0.424 -0.451 -0.491 -0.518 -0.499 -0.463 -0.446 -0.432 -0.416 -0.396 -0.353 -0.304 -0.236 -0.160 -0.095 -0.020 0.022 0.042 0.022 0.108 0.191 0.288 0.493 0.676 0.444 0.361 0.560 0.561 0.343 0.334 0.170 -0.064 -0.138 -0.266 -0.378 -0.460 -0.499 -0.501 -0.492 -0.483 -0.476 -0.478 -0.477 -0.482 -0.494 -0.506 -0.517 -0.544 -0.586 -0.616 -0.634 -0.639 -0.637 -0.647 -0.654
-0.083 -0.124 -0.147 -0.171 -0.225 -0.267 -0.298 -0.321 -0.338 -0.343 -0.341 -0.345 -0.350 -0.363 -0.390 -0.392 -0.367 -0.369 -0.409 -0.438 -0.475 -0.489 -0.484 -0.445 -0.411 -0.407 -0.401 -0.389 -0.333 -0.309 -0.236 -0.146 -0.079 0.005 0.010 0.118 0.213 0.202 0.272 0.252 0.368 0.421 0.619 0.507 0.110 0.388 0.253 0.129 0.039 -0.115 -0.194 -0.295 -0.443 -0.501 -0.514 -0.537 -0.525 -0.499 -0.488 -0.483 -0.494 -0.495 -0.499 -0.503 -0.510 -0.523 -0.565 -0.597 -0.618 -0.646 -0.650 -0.639 -0.655 -0.670
-0.047 -0.073 -0.121 -0.165 -0.196 -0.207 -0.262 -0.301 -0.332 -0.343 -0.340 -0.329 -0.332 -0.323 -0.365 -0.354 -0.354 -0.386 -0.419 -0.446 -0.459 -0.462 -0.449 -0.403 -0.386 -0.382 -0.382 -0.360 -0.266 -0.255 -0.193 -0.086 -0.014 0.166 0.195 0.038 0.240 0.524 0.223 0.314 0.527 0.273 0.241 0.422 0.093 0.025 0.140 -0.079 -0.018 -0.115 -0.285 -0.439 -0.506 -0.555 -0.557 -0.546 -0.521 -0.509 -0.496 -0.498 -0.500 -0.500 -0.510 -0.512 -0.520 -0.538 -0.570 -0.586 -0.630 -0.660 -0.668 -0.670 -0.688 -0.708
-0.039 -0.051 -0.103 -0.146 -0.175 -0.197 -0.229 -0.264 -0.299 -0.309 -0.325 -0.330 -0.337 -0.346 -0.358 -0.352 -0.356 -0.388 -0.412 -0.429 -0.429 -0.414 -0.393 -0.367 -0.359 -0.350 -0.331 -0.278 -0.188 -0.155 -0.103 0.074 0.092 0.064 0.231 0.335 0.188 0.204 0.297 0.257 0.438 0.415 0.104 0.270 0.167 -0.057 0.020 -0.118 -0.122 -0.241 -0.390 -0.497 -0.549 -0.594 -0.569 -0.541 -0.524 -0.563 -0.507 -0.504 -0.504 -0.509 -0.516 -0.520 -0.533 -0.560 -0.583 -0.609 -0.650 -0.672 -0.689 -0.694 -0.708 -0.732
-0.062 -0.077 -0.106 -0.132 -0.160 -0.176 -0.205 -0.241 -0.270 -0.260 -0.302 -0.339 -0.352 -0.360 -0.367 -0.369 -0.370 -0.384 -0.396 -0.397 -0.392 -0.367 -0.349 -0.322 -0.300 -0.279 -0.246 -0.179 -0.118 -0.093 0.007 0.120 0.228 0.303 0.283 0.265 0.183 0.238 0.175 0.053 0.131 0.268 0.128 -0.002 0.029 -0.078 -0.111 -0.173 -0.281 -0.429 -0.522 -0.582 -0.610 -0.605 -0.588 -0.557 -0.530 -0.508 -0.506 -0.509 -0.509 -0.513 -0.521 -0.534 -0.556 -0.581 -0.600 -0.626 -0.668 -0.669 -0.706 -0.724 -0.737 -0.741
-0.081 -0.092 -0.074 -0.072 -0.110 -0.152 -0.179 -0.211 -0.244 -0.281 -0.319 -0.338 -0.349 -0.354 -0.359 -0.364 -0.370 -0.375 -0.374 -0.368 -0.360 -0.337 -0.314 -0.272 -0.224 -0.175 -0.143 -0.111 -0.063 0.020 0.035 0.222 0.460 0.399 0.247 0.222 0.257 0.266 0.073 0.026 0.083 -0.034 0.070 -0.083 -0.080 -0.107 -0.150 -0.232 -0.408 -0.504 -0.566 -0.606 -0.623 -0.612 -0.595 -0.562 -0.528 -0.512 -0.510 -0.514 -0.514 -0.522 -0.525 -0.536 -0.565 -0.592 -0.617 -0.645 -0.673 -0.700 -0.725 -0.740 -0.742 -0.744
-0.077 -0.070 -0.043 -0.010 -0.046 -0.103 -0.130 -0.156 -0.179 -0.200 -0.248 -0.302 -0.328 -0.337 -0.345 -0.352 -0.356 -0.358 -0.356 -0.350 -0.341 -0.311 -0.284 -0.232 -0.159 -0.116 -0.088 -0.033 0.026 0.191 0.005 0.104 0.136 0.137 0.218 0.150 0.262 0.122 0.252 0.001 -0.102 -0.066 -0.071 -0.093 -0.114 -0.160 -0.256 -0.373 -0.471 -0.549 -0.605 -0.623 -0.622 -0.594 -0.598 -0.552 -0.530 -0.527 -0.516 -0.517 -0.521 -0.526 -0.535 -0.548 -0.570 -0.604 -0.641 -0.666 -0.693 -0.717 -0.731 -0.738 -0.743 -0.742
-0.095 -0.086 -0.035 0.048 0.028 -0.037 -0.063 -0.097 -0.120 -0.130 -0.142 -0.205 -0.254 -0.269 -0.289 -0.313 -0.320 -0.314 -0.312 -0.311 -0.294 -0.257 -0.225 -0.174 -0.121 -0.088 0.092 0.026 0.124 0.192 0.290 0.140 0.266 0.169 0.201 0.065 0.076 0.149 0.014 0.118 -0.018 -0.090 -0.116 -0.136 -0.180 -0.275 -0.388 -0.478 -0.548 -0.597 -0.622 -0.620 -0.625 -0.592 -0.572 -0.540 -0.533 -0.534 -0.525 -0.527 -0.537 -0.540 -0.550 -0.557 -0.586 -0.628 -0.660 -0.688 -0.720 -0.733 -0.740 -0.739 -0.741 -0.748
